# r-bin (Mpc/h)	# ell = 0	
5.00050000e-01	1.35062944e+01	
1.50000000e+00	4.06123997e+00	
2.50000000e+00	1.78759095e+00	
3.50000000e+00	1.05621154e+00	
4.50000000e+00	7.32209784e-01	
5.50000000e+00	5.45669555e-01	
6.50000000e+00	4.24502780e-01	
7.50000000e+00	3.42206079e-01	
8.50000000e+00	2.79689998e-01	
9.50000000e+00	2.35192063e-01	
1.05000000e+01	1.99071013e-01	
1.15000000e+01	1.71437530e-01	
1.25000000e+01	1.48407214e-01	
1.35000000e+01	1.29353762e-01	
1.45000000e+01	1.12972463e-01	
1.55000000e+01	1.00364791e-01	
1.65000000e+01	8.94147149e-02	
1.75000000e+01	8.01742326e-02	
1.85000000e+01	7.15542983e-02	
1.95000000e+01	6.43495526e-02	
2.05000000e+01	5.85768865e-02	
2.15000000e+01	5.26427533e-02	
2.25000000e+01	4.76060869e-02	
2.35000000e+01	4.29863222e-02	
2.45000000e+01	3.90890427e-02	
2.55000000e+01	3.59327514e-02	
2.65000000e+01	3.22957133e-02	
2.75000000e+01	3.01677581e-02	
2.85000000e+01	2.75191249e-02	
2.95000000e+01	2.55679569e-02	
3.05000000e+01	2.38240921e-02	
3.15000000e+01	2.16956596e-02	
3.25000000e+01	2.02543893e-02	
3.35000000e+01	1.85808585e-02	
3.45000000e+01	1.70011157e-02	
3.55000000e+01	1.59824961e-02	
3.65000000e+01	1.51227732e-02	
3.75000000e+01	1.39043421e-02	
3.85000000e+01	1.28248627e-02	
3.95000000e+01	1.21769713e-02	
4.05000000e+01	1.14440606e-02	
4.15000000e+01	1.03093823e-02	
4.25000000e+01	9.55235352e-03	
4.35000000e+01	9.16380705e-03	
4.45000000e+01	8.49537978e-03	
4.55000000e+01	7.93709018e-03	
4.65000000e+01	7.56450699e-03	
4.75000000e+01	6.84429467e-03	
4.85000000e+01	6.48741083e-03	
4.95000000e+01	6.01625919e-03	
5.05000000e+01	5.54681707e-03	
5.15000000e+01	4.91430882e-03	
5.25000000e+01	4.63767184e-03	
5.35000000e+01	4.35366430e-03	
5.45000000e+01	4.20867411e-03	
5.55000000e+01	4.13780025e-03	
5.65000000e+01	4.09419301e-03	
5.75000000e+01	3.57335077e-03	
5.85000000e+01	3.21410193e-03	
5.95000000e+01	2.88642539e-03	
6.05000000e+01	2.65225660e-03	
6.15000000e+01	2.79120471e-03	
6.25000000e+01	2.56738109e-03	
6.35000000e+01	2.39072509e-03	
6.45000000e+01	1.97936884e-03	
6.55000000e+01	2.22776148e-03	
6.65000000e+01	1.79225157e-03	
6.75000000e+01	1.83505050e-03	
6.85000000e+01	1.71720387e-03	
6.95000000e+01	1.75355416e-03	
7.05000000e+01	1.41191185e-03	
7.15000000e+01	1.22048055e-03	
7.25000000e+01	1.26197182e-03	
7.35000000e+01	1.14033882e-03	
7.45000000e+01	1.07871585e-03	
7.55000000e+01	1.00287080e-03	
7.65000000e+01	8.82757667e-04	
7.75000000e+01	9.72312650e-04	
7.85000000e+01	8.30286842e-04	
7.95000000e+01	8.72730314e-04	
8.05000000e+01	8.37631390e-04	
8.15000000e+01	9.01833480e-04	
8.25000000e+01	8.63286843e-04	
8.35000000e+01	8.31809155e-04	
8.45000000e+01	8.13702665e-04	
8.55000000e+01	8.48421828e-04	
8.65000000e+01	9.80844942e-04	
8.75000000e+01	1.07174121e-03	
8.85000000e+01	1.09072480e-03	
8.95000000e+01	1.07664617e-03	
9.05000000e+01	1.08131063e-03	
9.15000000e+01	1.22056919e-03	
9.25000000e+01	1.25145976e-03	
9.35000000e+01	1.17143792e-03	
9.45000000e+01	1.19282989e-03	
9.55000000e+01	1.22814549e-03	
9.65000000e+01	1.29436975e-03	
9.75000000e+01	1.47543618e-03	
9.85000000e+01	1.17070812e-03	
9.95000000e+01	1.29461673e-03	
1.00500000e+02	1.17960552e-03	
1.01500000e+02	1.22028257e-03	
1.02500000e+02	1.25322970e-03	
1.03500000e+02	1.09206993e-03	
1.04500000e+02	1.02624600e-03	
1.05500000e+02	1.02483383e-03	
1.06500000e+02	9.31438530e-04	
1.07500000e+02	9.57641153e-04	
1.08500000e+02	9.53397789e-04	
1.09500000e+02	9.92192162e-04	
1.10500000e+02	8.00777752e-04	
1.11500000e+02	7.25704865e-04	
1.12500000e+02	7.89142628e-04	
1.13500000e+02	7.66091370e-04	
1.14500000e+02	6.52823404e-04	
1.15500000e+02	6.03495469e-04	
1.16500000e+02	5.92854971e-04	
1.17500000e+02	5.45973018e-04	
1.18500000e+02	4.36943146e-04	
1.19500000e+02	4.52851025e-04	
1.20500000e+02	4.21121184e-04	
1.21500000e+02	4.37399473e-04	
1.22500000e+02	3.81698346e-04	
1.23500000e+02	3.15963533e-04	
1.24500000e+02	2.81092932e-04	
1.25500000e+02	2.39878837e-04	
1.26500000e+02	1.66649603e-04	
1.27500000e+02	1.20765136e-04	
1.28500000e+02	1.03752044e-04	
1.29500000e+02	7.97527260e-05	
1.30500000e+02	7.80781820e-05	
1.31500000e+02	8.62832085e-05	
1.32500000e+02	-7.97395680e-05	
1.33500000e+02	-5.48875872e-05	
1.34500000e+02	-6.04037253e-05	
1.35500000e+02	-9.66006023e-05	
1.36500000e+02	-1.37113105e-04	
1.37500000e+02	-1.52581395e-04	
1.38500000e+02	-1.46169646e-04	
1.39500000e+02	-8.58762569e-05	
1.40500000e+02	-3.15736952e-05	
1.41500000e+02	-2.54662859e-05	
1.42500000e+02	-1.08342341e-04	
1.43500000e+02	-1.22875284e-04	
1.44500000e+02	-1.10281078e-04	
1.45500000e+02	-6.04975282e-05	
1.46500000e+02	-2.94916811e-05	
1.47500000e+02	-1.67380336e-05	
1.48500000e+02	-6.81070351e-06	
1.49500000e+02	-2.42120142e-05	
1.50500000e+02	-1.10856846e-05	
1.51500000e+02	2.52559073e-05	
1.52500000e+02	6.76266083e-05	
1.53500000e+02	7.04328301e-05	
1.54500000e+02	1.06909600e-04	
1.55500000e+02	9.89359456e-05	
1.56500000e+02	7.28352958e-05	
1.57500000e+02	2.74397670e-07	
1.58500000e+02	3.12125442e-05	
1.59500000e+02	5.13423816e-05	
1.60500000e+02	1.50816368e-05	
1.61500000e+02	2.49939643e-05	
1.62500000e+02	9.17762990e-05	
1.63500000e+02	5.64577549e-05	
1.64500000e+02	5.81858289e-05	
1.65500000e+02	5.23800010e-05	
1.66500000e+02	8.71520671e-05	
1.67500000e+02	5.09589419e-05	
1.68500000e+02	1.47724022e-04	
1.69500000e+02	2.53174458e-05	
1.70500000e+02	7.06560232e-05	
1.71500000e+02	8.81170480e-05	
1.72500000e+02	6.96036109e-05	
1.73500000e+02	3.85754385e-05	
1.74500000e+02	4.07143201e-05	
1.75500000e+02	5.24947086e-05	
1.76500000e+02	4.75425906e-05	
1.77500000e+02	9.03292054e-05	
1.78500000e+02	9.02164080e-05	
1.79500000e+02	-2.03927937e-05	
1.80500000e+02	7.36812004e-05	
1.81500000e+02	1.08205205e-04	
1.82500000e+02	8.20028842e-05	
1.83500000e+02	8.30259205e-05	
1.84500000e+02	9.29184087e-05	
1.85500000e+02	1.26715060e-04	
1.86500000e+02	5.59165473e-05	
1.87500000e+02	8.03181857e-05	
1.88500000e+02	4.99948365e-05	
1.89500000e+02	1.31965834e-04	
1.90500000e+02	7.49913554e-05	
1.91500000e+02	7.14161074e-05	
1.92500000e+02	6.69731731e-05	
1.93500000e+02	6.79403720e-05	
1.94500000e+02	1.18848891e-04	
1.95500000e+02	8.20326735e-05	
1.96500000e+02	5.45941052e-05	
1.97500000e+02	9.84091053e-05	
1.98500000e+02	-2.51078723e-05	
1.99500000e+02	5.48962857e-05	
