5.00050000e-01 1.50000000e+00 2.50000000e+00 3.50000000e+00 4.50000000e+00 5.50000000e+00 6.50000000e+00 7.50000000e+00 8.50000000e+00 9.50000000e+00 1.05000000e+01 1.15000000e+01 1.25000000e+01 1.35000000e+01 1.45000000e+01 1.55000000e+01 1.65000000e+01 1.75000000e+01 1.85000000e+01 1.95000000e+01 2.05000000e+01 2.15000000e+01 2.25000000e+01 2.35000000e+01 2.45000000e+01 2.55000000e+01 2.65000000e+01 2.75000000e+01 2.85000000e+01 2.95000000e+01 3.05000000e+01 3.15000000e+01 3.25000000e+01 3.35000000e+01 3.45000000e+01 3.55000000e+01 3.65000000e+01 3.75000000e+01 3.85000000e+01 3.95000000e+01 4.05000000e+01 4.15000000e+01 4.25000000e+01 4.35000000e+01 4.45000000e+01 4.55000000e+01 4.65000000e+01 4.75000000e+01 4.85000000e+01 4.95000000e+01 5.05000000e+01 5.15000000e+01 5.25000000e+01 5.35000000e+01 5.45000000e+01 5.55000000e+01 5.65000000e+01 5.75000000e+01 5.85000000e+01 5.95000000e+01 6.05000000e+01 6.15000000e+01 6.25000000e+01 6.35000000e+01 6.45000000e+01 6.55000000e+01 6.65000000e+01 6.75000000e+01 6.85000000e+01 6.95000000e+01 7.05000000e+01 7.15000000e+01 7.25000000e+01 7.35000000e+01 7.45000000e+01 7.55000000e+01 7.65000000e+01 7.75000000e+01 7.85000000e+01 7.95000000e+01 8.05000000e+01 8.15000000e+01 8.25000000e+01 8.35000000e+01 8.45000000e+01 8.55000000e+01 8.65000000e+01 8.75000000e+01 8.85000000e+01 8.95000000e+01 9.05000000e+01 9.15000000e+01 9.25000000e+01 9.35000000e+01 9.45000000e+01 9.55000000e+01 9.65000000e+01 9.75000000e+01 9.85000000e+01 9.95000000e+01 1.00500000e+02 1.01500000e+02 1.02500000e+02 1.03500000e+02 1.04500000e+02 1.05500000e+02 1.06500000e+02 1.07500000e+02 1.08500000e+02 1.09500000e+02 1.10500000e+02 1.11500000e+02 1.12500000e+02 1.13500000e+02 1.14500000e+02 1.15500000e+02 1.16500000e+02 1.17500000e+02 1.18500000e+02 1.19500000e+02 1.20500000e+02 1.21500000e+02 1.22500000e+02 1.23500000e+02 1.24500000e+02 1.25500000e+02 1.26500000e+02 1.27500000e+02 1.28500000e+02 1.29500000e+02 1.30500000e+02 1.31500000e+02 1.32500000e+02 1.33500000e+02 1.34500000e+02 1.35500000e+02 1.36500000e+02 1.37500000e+02 1.38500000e+02 1.39500000e+02 1.40500000e+02 1.41500000e+02 1.42500000e+02 1.43500000e+02 1.44500000e+02 1.45500000e+02 1.46500000e+02 1.47500000e+02 1.48500000e+02 1.49500000e+02 1.50500000e+02 1.51500000e+02 1.52500000e+02 1.53500000e+02 1.54500000e+02 1.55500000e+02 1.56500000e+02 1.57500000e+02 1.58500000e+02 1.59500000e+02 1.60500000e+02 1.61500000e+02 1.62500000e+02 1.63500000e+02 1.64500000e+02 1.65500000e+02 1.66500000e+02 1.67500000e+02 1.68500000e+02 1.69500000e+02 1.70500000e+02 1.71500000e+02 1.72500000e+02 1.73500000e+02 1.74500000e+02 1.75500000e+02 1.76500000e+02 1.77500000e+02 1.78500000e+02 1.79500000e+02 1.80500000e+02 1.81500000e+02 1.82500000e+02 1.83500000e+02 1.84500000e+02 1.85500000e+02 1.86500000e+02 1.87500000e+02 1.88500000e+02 1.89500000e+02 1.90500000e+02 1.91500000e+02 1.92500000e+02 1.93500000e+02 1.94500000e+02 1.95500000e+02 1.96500000e+02 1.97500000e+02 1.98500000e+02 1.99500000e+02 
2.50000000e-02 7.50000000e-02 1.25000000e-01 1.75000000e-01 2.25000000e-01 2.75000000e-01 3.25000000e-01 3.75000000e-01 4.25000000e-01 4.75000000e-01 5.25000000e-01 5.75000000e-01 6.25000000e-01 6.75000000e-01 7.25000000e-01 7.75000000e-01 8.25000000e-01 8.75000000e-01 9.25000000e-01 9.75000000e-01 
4.01877091e+02 4.01409229e+02 4.01485614e+02 3.97308273e+02 3.98310835e+02 3.97398981e+02 4.02383146e+02 3.98645022e+02 3.98597281e+02 3.99809904e+02 4.00736080e+02 3.98597281e+02 3.98645022e+02 4.02383146e+02 3.97398981e+02 3.98310835e+02 3.97308273e+02 4.01485614e+02 4.01409229e+02 4.01877091e+02 
1.99276260e+01 2.02890939e+01 1.98948893e+01 2.03729817e+01 2.03757098e+01 2.00783513e+01 2.02168003e+01 2.01956579e+01 2.03429731e+01 2.08476641e+01 2.08599403e+01 2.03429731e+01 2.01956579e+01 2.02168003e+01 2.00783513e+01 2.03757098e+01 2.03729817e+01 1.98948893e+01 2.02890939e+01 1.99276260e+01 
7.09688043e+00 7.08481954e+00 6.96069283e+00 6.98481462e+00 7.02200238e+00 7.08632715e+00 7.20743863e+00 7.24889796e+00 7.22452490e+00 7.29965422e+00 7.30317198e+00 7.22452490e+00 7.24889796e+00 7.20743863e+00 7.08632715e+00 7.02200238e+00 6.98481462e+00 6.96069283e+00 7.08481954e+00 7.09688043e+00 
4.35770599e+00 4.21048294e+00 4.12558131e+00 4.18738660e+00 4.04261512e+00 4.13629079e+00 4.17474168e+00 4.16080646e+00 4.27370756e+00 4.25396600e+00 4.25474018e+00 4.27370756e+00 4.16080646e+00 4.17474168e+00 4.13629079e+00 4.04261512e+00 4.18738660e+00 4.12558131e+00 4.21048294e+00 4.35770599e+00 
2.98144623e+00 2.91413919e+00 2.92908762e+00 2.84847570e+00 2.80762189e+00 2.86577204e+00 2.92063510e+00 2.92126122e+00 2.94387951e+00 2.91179127e+00 2.91241738e+00 2.94387951e+00 2.92126122e+00 2.92063510e+00 2.86577204e+00 2.80762189e+00 2.84847570e+00 2.92908762e+00 2.91413919e+00 2.98144623e+00 
2.22823865e+00 2.12793000e+00 2.13501247e+00 2.14991187e+00 2.00007845e+00 2.06922426e+00 2.12551672e+00 2.12236896e+00 2.12829724e+00 2.15473844e+00 2.15505321e+00 2.12829724e+00 2.12236896e+00 2.12551672e+00 2.06922426e+00 2.00007845e+00 2.14991187e+00 2.13501247e+00 2.12793000e+00 2.22823865e+00 
1.65947668e+00 1.59790201e+00 1.62929080e+00 1.64263574e+00 1.59846588e+00 1.60587138e+00 1.65237191e+00 1.65891280e+00 1.62996745e+00 1.58925600e+00 1.58963191e+00 1.62996745e+00 1.65891280e+00 1.65237191e+00 1.60587138e+00 1.59846588e+00 1.64263574e+00 1.62929080e+00 1.59790201e+00 1.65947668e+00 
1.28058102e+00 1.27052433e+00 1.28987499e+00 1.25741673e+00 1.28493139e+00 1.24953522e+00 1.29185243e+00 1.30131589e+00 1.30241760e+00 1.30563800e+00 1.30575100e+00 1.30241760e+00 1.30131589e+00 1.29185243e+00 1.24953522e+00 1.28493139e+00 1.25741673e+00 1.28987499e+00 1.27052433e+00 1.28058102e+00 
1.02045803e+00 1.03031424e+00 1.04428455e+00 1.06307296e+00 1.05130270e+00 1.03590236e+00 1.03935644e+00 1.08021133e+00 1.02670616e+00 1.07968332e+00 1.07981532e+00 1.02670616e+00 1.08021133e+00 1.03935644e+00 1.03590236e+00 1.05130270e+00 1.06307296e+00 1.04428455e+00 1.03031424e+00 1.02045803e+00 
8.48829039e-01 8.20677681e-01 8.40602078e-01 8.59768960e-01 8.57848749e-01 8.49921270e-01 8.58782430e-01 8.36215539e-01 8.67573123e-01 8.81384553e-01 8.81384553e-01 8.67573123e-01 8.36215539e-01 8.58782430e-01 8.49921270e-01 8.57848749e-01 8.59768960e-01 8.40602078e-01 8.20677681e-01 8.48829039e-01 
6.91821313e-01 7.33432461e-01 7.30172801e-01 7.42894129e-01 7.32855530e-01 7.32668027e-01 7.29754526e-01 7.28817013e-01 7.17523589e-01 7.24374644e-01 7.24461184e-01 7.17523589e-01 7.28817013e-01 7.29754526e-01 7.32668027e-01 7.32855530e-01 7.42894129e-01 7.30172801e-01 7.33432461e-01 6.91821313e-01 
5.96450767e-01 6.19251022e-01 6.12985762e-01 6.18625699e-01 6.34523345e-01 6.23303599e-01 6.29881521e-01 6.12564871e-01 6.18349113e-01 5.95524807e-01 5.95548858e-01 6.18349113e-01 6.12564871e-01 6.29881521e-01 6.23303599e-01 6.34523345e-01 6.18625699e-01 6.12985762e-01 6.19251022e-01 5.96450767e-01 
5.26339080e-01 5.20200947e-01 5.33322098e-01 5.40783544e-01 5.36131592e-01 5.30543142e-01 5.30471887e-01 5.51950265e-01 5.49283282e-01 5.34055010e-01 5.34075368e-01 5.49283282e-01 5.51950265e-01 5.30471887e-01 5.30543142e-01 5.36131592e-01 5.40783544e-01 5.33322098e-01 5.20200947e-01 5.26339080e-01 
4.57882199e-01 4.63415621e-01 4.63930561e-01 4.50603218e-01 4.67360585e-01 4.52968450e-01 4.77048438e-01 4.73836609e-01 4.76673142e-01 4.75486162e-01 4.75503618e-01 4.76673142e-01 4.73836609e-01 4.77048438e-01 4.52968450e-01 4.67360585e-01 4.50603218e-01 4.63930561e-01 4.63415621e-01 4.57882199e-01 
3.96383816e-01 4.06786975e-01 4.04683645e-01 4.11848584e-01 4.03783299e-01 4.04335612e-01 4.04910623e-01 4.06537299e-01 4.10660732e-01 4.10055458e-01 4.10070590e-01 4.10660732e-01 4.06537299e-01 4.04910623e-01 4.04335612e-01 4.03783299e-01 4.11848584e-01 4.04683645e-01 4.06786975e-01 3.96383816e-01 
3.35378477e-01 3.59950877e-01 3.58653062e-01 3.64082695e-01 3.58116720e-01 3.56706340e-01 3.64791196e-01 3.61811519e-01 3.55799194e-01 3.67121965e-01 3.67135208e-01 3.55799194e-01 3.61811519e-01 3.64791196e-01 3.56706340e-01 3.58116720e-01 3.64082695e-01 3.58653062e-01 3.59950877e-01 3.35378477e-01 
2.95868306e-01 3.12142333e-01 3.10757433e-01 3.10646408e-01 3.12574748e-01 3.13159094e-01 3.24296722e-01 3.31484174e-01 3.22590433e-01 3.26400367e-01 3.26458801e-01 3.22590433e-01 3.31484174e-01 3.24296722e-01 3.13159094e-01 3.12574748e-01 3.10646408e-01 3.10757433e-01 3.12142333e-01 2.95868306e-01 
2.66831102e-01 2.76711783e-01 2.79610532e-01 2.81657318e-01 2.81298871e-01 2.83158642e-01 2.82265121e-01 2.88950944e-01 2.96275739e-01 2.89241858e-01 2.89252248e-01 2.96275739e-01 2.88950944e-01 2.82265121e-01 2.83158642e-01 2.81298871e-01 2.81657318e-01 2.79610532e-01 2.76711783e-01 2.66831102e-01 
2.53279009e-01 2.49983158e-01 2.58517973e-01 2.54250565e-01 2.63631424e-01 2.62060200e-01 2.54659641e-01 2.55203527e-01 2.55691629e-01 2.58020573e-01 2.58057762e-01 2.55691629e-01 2.55203527e-01 2.54659641e-01 2.62060200e-01 2.63631424e-01 2.54250565e-01 2.58517973e-01 2.49983158e-01 2.53279009e-01 
2.17722890e-01 2.20337978e-01 2.33898777e-01 2.31844364e-01 2.26622557e-01 2.21626693e-01 2.40317248e-01 2.29593296e-01 2.29505429e-01 2.32137254e-01 2.32179095e-01 2.29505429e-01 2.29593296e-01 2.40317248e-01 2.21626693e-01 2.26622557e-01 2.31844364e-01 2.33898777e-01 2.20337978e-01 2.17722890e-01 
2.05788754e-01 2.12478557e-01 2.09056043e-01 2.07522726e-01 2.04581030e-01 2.02290520e-01 2.08351853e-01 2.14534337e-01 2.10858163e-01 2.08473004e-01 2.08480576e-01 2.10858163e-01 2.14534337e-01 2.08351853e-01 2.02290520e-01 2.04581030e-01 2.07522726e-01 2.09056043e-01 2.12478557e-01 2.05788754e-01 
1.77100611e-01 1.85888129e-01 1.87113494e-01 1.83664574e-01 1.88913679e-01 1.82824717e-01 1.87967119e-01 1.91546837e-01 1.86521464e-01 1.83688668e-01 1.83709320e-01 1.86521464e-01 1.91546837e-01 1.87967119e-01 1.82824717e-01 1.88913679e-01 1.83664574e-01 1.87113494e-01 1.85888129e-01 1.77100611e-01 
1.69963494e-01 1.66770281e-01 1.61223018e-01 1.70544935e-01 1.56882637e-01 1.64532518e-01 1.72713554e-01 1.67210291e-01 1.65773974e-01 1.71481527e-01 1.71506670e-01 1.65773974e-01 1.67210291e-01 1.72713554e-01 1.64532518e-01 1.56882637e-01 1.70544935e-01 1.61223018e-01 1.66770281e-01 1.69963494e-01 
1.50538903e-01 1.54071221e-01 1.51100732e-01 1.51152593e-01 1.43125644e-01 1.43030565e-01 1.52411665e-01 1.49809966e-01 1.55344700e-01 1.57528629e-01 1.57540154e-01 1.55344700e-01 1.49809966e-01 1.52411665e-01 1.43030565e-01 1.43125644e-01 1.51152593e-01 1.51100732e-01 1.54071221e-01 1.50538903e-01 
1.29901329e-01 1.33737048e-01 1.48634585e-01 1.38481993e-01 1.35754312e-01 1.37127430e-01 1.41989011e-01 1.41856471e-01 1.44756454e-01 1.35118118e-01 1.35128722e-01 1.44756454e-01 1.41856471e-01 1.41989011e-01 1.37127430e-01 1.35754312e-01 1.38481993e-01 1.48634585e-01 1.33737048e-01 1.29901329e-01 
1.26363099e-01 1.25832100e-01 1.27288067e-01 1.27160823e-01 1.26448745e-01 1.28266868e-01 1.24425073e-01 1.24270911e-01 1.25168962e-01 1.31173909e-01 1.31188591e-01 1.25168962e-01 1.24270911e-01 1.24425073e-01 1.28266868e-01 1.26448745e-01 1.27160823e-01 1.27288067e-01 1.25832100e-01 1.26363099e-01 
1.10610221e-01 1.21814750e-01 1.22505829e-01 1.15291426e-01 1.20788329e-01 1.19621427e-01 1.23815478e-01 1.17656952e-01 1.16365429e-01 1.14967412e-01 1.14990070e-01 1.16365429e-01 1.17656952e-01 1.23815478e-01 1.19621427e-01 1.20788329e-01 1.15291426e-01 1.22505829e-01 1.21814750e-01 1.10610221e-01 
1.01877518e-01 1.12938542e-01 1.03992094e-01 1.11198488e-01 1.06413863e-01 1.06392823e-01 1.10981770e-01 1.11276338e-01 1.03994198e-01 1.02393011e-01 1.02405636e-01 1.03994198e-01 1.11276338e-01 1.10981770e-01 1.06392823e-01 1.06413863e-01 1.11198488e-01 1.03992094e-01 1.12938542e-01 1.01877518e-01 
9.18338694e-02 1.03609470e-01 9.58498371e-02 1.05262874e-01 9.82261146e-02 1.04277492e-01 9.54443223e-02 9.35950182e-02 9.59477875e-02 1.00892325e-01 1.00900161e-01 9.59477875e-02 9.35950182e-02 9.54443223e-02 1.04277492e-01 9.82261146e-02 1.05262874e-01 9.58498371e-02 1.03609470e-01 9.18338694e-02 
9.01888709e-02 9.10007063e-02 9.26042640e-02 8.76016027e-02 9.01852140e-02 9.25384395e-02 8.21857099e-02 9.01486448e-02 8.64752725e-02 9.49611464e-02 9.49648034e-02 8.64752725e-02 9.01486448e-02 8.21857099e-02 9.25384395e-02 9.01852140e-02 8.76016027e-02 9.26042640e-02 9.10007063e-02 9.01888709e-02 
8.42210910e-02 8.54851766e-02 8.41543801e-02 7.91254063e-02 7.79075052e-02 8.44759607e-02 8.16227879e-02 7.90980377e-02 9.08870471e-02 8.40483269e-02 8.40688533e-02 9.08870471e-02 7.90980377e-02 8.16227879e-02 8.44759607e-02 7.79075052e-02 7.91254063e-02 8.41543801e-02 8.54851766e-02 8.42210910e-02 
7.29834888e-02 7.53841720e-02 6.98162549e-02 7.95793538e-02 7.49896710e-02 7.62998634e-02 8.01406357e-02 7.78441907e-02 8.08751133e-02 8.61784260e-02 8.61944626e-02 8.08751133e-02 7.78441907e-02 8.01406357e-02 7.62998634e-02 7.49896710e-02 7.95793538e-02 6.98162549e-02 7.53841720e-02 7.29834888e-02 
7.09901684e-02 6.74860454e-02 7.27316844e-02 7.32092455e-02 7.11995722e-02 7.06903746e-02 6.84050114e-02 7.28009835e-02 7.50501906e-02 7.78628294e-02 7.78748814e-02 7.50501906e-02 7.28009835e-02 6.84050114e-02 7.06903746e-02 7.11995722e-02 7.32092455e-02 7.27316844e-02 6.74860454e-02 7.09901684e-02 
6.89271384e-02 6.63068402e-02 6.65081835e-02 6.41402732e-02 6.32739300e-02 6.36440046e-02 6.21679600e-02 6.12619153e-02 6.53171388e-02 6.65790790e-02 6.65875864e-02 6.53171388e-02 6.12619153e-02 6.21679600e-02 6.36440046e-02 6.32739300e-02 6.41402732e-02 6.65081835e-02 6.63068402e-02 6.89271384e-02 
5.74058869e-02 5.83484082e-02 6.09660771e-02 6.10035106e-02 6.28711732e-02 6.12027101e-02 5.81505456e-02 6.05075171e-02 5.65462541e-02 6.24393514e-02 6.24634158e-02 5.65462541e-02 6.05075171e-02 5.81505456e-02 6.12027101e-02 6.28711732e-02 6.10035106e-02 6.09660771e-02 5.83484082e-02 5.74058869e-02 
5.59671633e-02 5.42827796e-02 5.43358112e-02 6.11377414e-02 5.45656146e-02 5.53055313e-02 5.07852212e-02 5.78422081e-02 5.29620409e-02 5.60164069e-02 5.60315588e-02 5.29620409e-02 5.78422081e-02 5.07852212e-02 5.53055313e-02 5.45656146e-02 6.11377414e-02 5.43358112e-02 5.42827796e-02 5.59671633e-02 
4.93103219e-02 5.09407077e-02 5.04498003e-02 5.78958260e-02 5.46684982e-02 5.70800359e-02 4.85865023e-02 5.59847511e-02 5.54138174e-02 5.30297515e-02 5.30416957e-02 5.54138174e-02 5.59847511e-02 4.85865023e-02 5.70800359e-02 5.46684982e-02 5.78958260e-02 5.04498003e-02 5.09407077e-02 4.93103219e-02 
4.85828964e-02 4.68131171e-02 4.99509674e-02 4.49562068e-02 4.68357486e-02 5.23431115e-02 4.43021579e-02 4.61104107e-02 5.06287793e-02 5.42384953e-02 5.42452848e-02 5.06287793e-02 4.61104107e-02 4.43021579e-02 5.23431115e-02 4.68357486e-02 4.49562068e-02 4.99509674e-02 4.68131171e-02 4.85828964e-02 
4.21266831e-02 4.12399258e-02 4.61707690e-02 4.44208725e-02 3.90799309e-02 4.43328409e-02 4.72282218e-02 4.22780545e-02 5.14988280e-02 4.36092641e-02 4.36157054e-02 5.14988280e-02 4.22780545e-02 4.72282218e-02 4.43328409e-02 3.90799309e-02 4.44208725e-02 4.61707690e-02 4.12399258e-02 4.21266831e-02 
4.25864004e-02 4.02080175e-02 4.61957903e-02 4.55369416e-02 4.63406147e-02 4.22549363e-02 4.24313772e-02 4.39897688e-02 4.68576988e-02 4.60989008e-02 4.61050202e-02 4.68576988e-02 4.39897688e-02 4.24313772e-02 4.22549363e-02 4.63406147e-02 4.55369416e-02 4.61957903e-02 4.02080175e-02 4.25864004e-02 
3.90937830e-02 4.16947529e-02 3.89511711e-02 4.21274395e-02 4.22933350e-02 4.09904247e-02 3.86999025e-02 3.79276637e-02 4.03219919e-02 4.26299767e-02 4.26377379e-02 4.03219919e-02 3.79276637e-02 3.86999025e-02 4.09904247e-02 4.22933350e-02 4.21274395e-02 3.89511711e-02 4.16947529e-02 3.90937830e-02 
3.55038107e-02 3.41326533e-02 3.61588988e-02 3.25656163e-02 3.46242003e-02 4.14060706e-02 3.35875166e-02 3.55537046e-02 3.89215407e-02 3.51443901e-02 3.51517818e-02 3.89215407e-02 3.55537046e-02 3.35875166e-02 4.14060706e-02 3.46242003e-02 3.25656163e-02 3.61588988e-02 3.41326533e-02 3.55038107e-02 
2.97184722e-02 3.08813837e-02 2.92233539e-02 3.03554306e-02 3.63875934e-02 3.85645284e-02 3.36071778e-02 3.25737723e-02 3.74007360e-02 3.64483820e-02 3.64642398e-02 3.74007360e-02 3.25737723e-02 3.36071778e-02 3.85645284e-02 3.63875934e-02 3.03554306e-02 2.92233539e-02 3.08813837e-02 2.97184722e-02 
3.07851517e-02 3.06514398e-02 3.10710765e-02 2.93370264e-02 3.27529874e-02 3.60091669e-02 3.02553497e-02 2.83875877e-02 2.99198085e-02 3.25343390e-02 3.25393847e-02 2.99198085e-02 2.83875877e-02 3.02553497e-02 3.60091669e-02 3.27529874e-02 2.93370264e-02 3.10710765e-02 3.06514398e-02 3.07851517e-02 
3.16251386e-02 2.54961887e-02 2.52832384e-02 2.87820516e-02 3.30209674e-02 3.23845273e-02 2.73805977e-02 2.53427038e-02 2.82323988e-02 2.94024199e-02 2.94088486e-02 2.82323988e-02 2.53427038e-02 2.73805977e-02 3.23845273e-02 3.30209674e-02 2.87820516e-02 2.52832384e-02 2.54961887e-02 3.16251386e-02 
2.42340186e-02 2.97291192e-02 2.63508891e-02 2.69273789e-02 2.78120985e-02 2.82902007e-02 2.65661119e-02 2.07919903e-02 2.42701453e-02 3.19505265e-02 3.19628249e-02 2.42701453e-02 2.07919903e-02 2.65661119e-02 2.82902007e-02 2.78120985e-02 2.69273789e-02 2.63508891e-02 2.97291192e-02 2.42340186e-02 
2.33693447e-02 3.10283706e-02 2.30447910e-02 2.33693447e-02 2.60886779e-02 2.70137664e-02 3.08510068e-02 2.22507016e-02 2.47720644e-02 2.72882755e-02 2.72912193e-02 2.47720644e-02 2.22507016e-02 3.08510068e-02 2.70137664e-02 2.60886779e-02 2.33693447e-02 2.30447910e-02 3.10283706e-02 2.33693447e-02 
2.13429979e-02 2.80185622e-02 2.24749874e-02 2.51304021e-02 2.27712090e-02 2.30004280e-02 2.28643072e-02 1.71521682e-02 2.38933244e-02 2.45287902e-02 2.45414854e-02 2.38933244e-02 1.71521682e-02 2.28643072e-02 2.30004280e-02 2.27712090e-02 2.51304021e-02 2.24749874e-02 2.80185622e-02 2.13429979e-02 
2.52322444e-02 2.57754788e-02 1.99764680e-02 2.25147191e-02 2.43128725e-02 2.21791720e-02 2.28807089e-02 1.95455335e-02 2.16142894e-02 2.13288038e-02 2.13369219e-02 2.16142894e-02 1.95455335e-02 2.28807089e-02 2.21791720e-02 2.43128725e-02 2.25147191e-02 1.99764680e-02 2.57754788e-02 2.52322444e-02 
2.49107059e-02 2.52659548e-02 1.85486976e-02 2.19641531e-02 2.50574815e-02 1.85993547e-02 2.41612411e-02 2.03918356e-02 1.90377331e-02 2.10510269e-02 2.10601192e-02 1.90377331e-02 2.03918356e-02 2.41612411e-02 1.85993547e-02 2.50574815e-02 2.19641531e-02 1.85486976e-02 2.52659548e-02 2.49107059e-02 
2.02861208e-02 2.16888375e-02 1.95217400e-02 2.05026433e-02 1.97937971e-02 2.16133354e-02 1.87367677e-02 2.10760849e-02 1.82850031e-02 2.20838196e-02 2.21012912e-02 1.82850031e-02 2.10760849e-02 1.87367677e-02 2.16133354e-02 1.97937971e-02 2.05026433e-02 1.95217400e-02 2.16888375e-02 2.02861208e-02 
1.60219756e-02 2.26524423e-02 2.06730821e-02 2.01540925e-02 1.70209555e-02 1.91509127e-02 1.93531086e-02 2.02776900e-02 1.85395250e-02 1.96957017e-02 1.97005016e-02 1.85395250e-02 2.02776900e-02 1.93531086e-02 1.91509127e-02 1.70209555e-02 2.01540925e-02 2.06730821e-02 2.26524423e-02 1.60219756e-02 
1.50799407e-02 1.68627963e-02 1.70002055e-02 1.82767255e-02 1.63743585e-02 1.57716055e-02 1.95896186e-02 1.39818217e-02 1.95780716e-02 1.82467034e-02 1.82501675e-02 1.95780716e-02 1.39818217e-02 1.95896186e-02 1.57716055e-02 1.63743585e-02 1.82767255e-02 1.70002055e-02 1.68627963e-02 1.50799407e-02 
1.58823025e-02 1.66417559e-02 1.68341211e-02 1.21517519e-02 1.42099484e-02 1.19994164e-02 1.73445004e-02 1.34454913e-02 1.54836729e-02 1.57855639e-02 1.57911236e-02 1.54836729e-02 1.34454913e-02 1.73445004e-02 1.19994164e-02 1.42099484e-02 1.21517519e-02 1.68341211e-02 1.66417559e-02 1.58823025e-02 
1.73620508e-02 1.50813460e-02 1.80258501e-02 1.28927908e-02 1.19418275e-02 1.07492390e-02 1.38555408e-02 1.10599764e-02 1.10197948e-02 1.76652876e-02 1.76727882e-02 1.10197948e-02 1.10599764e-02 1.38555408e-02 1.07492390e-02 1.19418275e-02 1.28927908e-02 1.80258501e-02 1.50813460e-02 1.73620508e-02 
1.42798667e-02 1.13661185e-02 1.23192861e-02 1.11982164e-02 1.40587525e-02 9.92164338e-03 1.05669043e-02 1.24567076e-02 1.21503507e-02 1.47706576e-02 1.47747906e-02 1.21503507e-02 1.24567076e-02 1.05669043e-02 9.92164338e-03 1.40587525e-02 1.11982164e-02 1.23192861e-02 1.13661185e-02 1.42798667e-02 
1.18423614e-02 1.25781427e-02 1.22192250e-02 1.10622139e-02 1.17451546e-02 7.54880834e-03 9.75316127e-03 9.58666334e-03 9.87280051e-03 1.26474338e-02 1.26564067e-02 9.87280051e-03 9.58666334e-03 9.75316127e-03 7.54880834e-03 1.17451546e-02 1.10622139e-02 1.22192250e-02 1.25781427e-02 1.18423614e-02 
1.27458634e-02 1.16821705e-02 1.14867591e-02 1.26621157e-02 9.49269586e-03 8.22781579e-03 1.41349212e-02 7.23728185e-03 1.16109368e-02 1.35097008e-02 1.35174018e-02 1.16109368e-02 7.23728185e-03 1.41349212e-02 8.22781579e-03 9.49269586e-03 1.26621157e-02 1.14867591e-02 1.16821705e-02 1.27458634e-02 
1.38277459e-02 1.16315743e-02 1.32925366e-02 1.39346947e-02 1.28117317e-02 6.73331663e-03 1.03905026e-02 4.91053610e-03 1.14255815e-02 1.20105453e-02 1.20151952e-02 1.14255815e-02 4.91053610e-03 1.03905026e-02 6.73331663e-03 1.28117317e-02 1.39346947e-02 1.32925366e-02 1.16315743e-02 1.38277459e-02 
9.64501454e-03 9.62838317e-03 1.59280789e-02 1.18111390e-02 7.78274988e-03 8.94559774e-03 5.77619679e-03 1.20956703e-02 1.25689903e-02 1.31614269e-02 1.31713158e-02 1.25689903e-02 1.20956703e-02 5.77619679e-03 8.94559774e-03 7.78274988e-03 1.18111390e-02 1.59280789e-02 9.62838317e-03 9.64501454e-03 
1.01040697e-02 1.18813703e-02 1.29926179e-02 1.07644708e-02 5.62690704e-03 7.38507813e-03 5.94689070e-03 1.01645014e-02 1.11322781e-02 1.07744703e-02 1.07822959e-02 1.11322781e-02 1.01645014e-02 5.94689070e-03 7.38507813e-03 5.62690704e-03 1.07644708e-02 1.29926179e-02 1.18813703e-02 1.01040697e-02 
1.02655427e-02 8.33940822e-03 1.07775798e-02 1.03315985e-02 1.09761677e-02 4.64617783e-03 8.27587691e-03 8.40293952e-03 1.11385722e-02 9.07359448e-03 9.08116775e-03 1.11385722e-02 8.40293952e-03 8.27587691e-03 4.64617783e-03 1.09761677e-02 1.03315985e-02 1.07775798e-02 8.33940822e-03 1.02655427e-02 
7.94009699e-03 8.49943182e-03 1.50782360e-02 9.72116900e-03 7.95394797e-03 5.70683150e-03 7.61459916e-03 6.04495816e-03 9.18912873e-03 9.88982495e-03 9.89389876e-03 9.18912873e-03 6.04495816e-03 7.61459916e-03 5.70683150e-03 7.95394797e-03 9.72116900e-03 1.50782360e-02 8.49943182e-03 7.94009699e-03 
6.67964409e-03 9.27645359e-03 9.96630511e-03 7.86794096e-03 6.62044631e-03 7.66706314e-03 8.86127979e-03 6.69345691e-03 9.68689157e-03 6.17172710e-03 6.18277735e-03 9.68689157e-03 6.69345691e-03 8.86127979e-03 7.66706314e-03 6.62044631e-03 7.86794096e-03 9.96630511e-03 9.27645359e-03 6.67964409e-03 
7.71845994e-03 6.82606472e-03 1.30965468e-02 5.73782452e-03 8.10747234e-03 6.46841812e-03 9.29631260e-03 7.36387341e-03 6.48792611e-03 8.28419184e-03 8.28954698e-03 6.48792611e-03 7.36387341e-03 9.29631260e-03 6.46841812e-03 8.10747234e-03 5.73782452e-03 1.30965468e-02 6.82606472e-03 7.71845994e-03 
5.47838568e-03 7.14863589e-03 9.58928576e-03 9.04403419e-03 5.92979463e-03 4.39381725e-03 5.81851880e-03 8.94833698e-03 9.06628936e-03 7.89381303e-03 7.89974774e-03 9.06628936e-03 8.94833698e-03 5.81851880e-03 4.39381725e-03 5.92979463e-03 9.04403419e-03 9.58928576e-03 7.14863589e-03 5.47838568e-03 
3.96741264e-03 3.81015904e-03 9.03875116e-03 9.43746279e-03 5.28949436e-03 1.08251085e-03 5.75657713e-03 8.05204781e-03 7.52559012e-03 6.75587515e-03 6.76451150e-03 7.52559012e-03 8.05204781e-03 5.75657713e-03 1.08251085e-03 5.28949436e-03 9.43746279e-03 9.03875116e-03 3.81015904e-03 3.96741264e-03 
4.93649928e-03 3.91978870e-03 6.05344892e-03 6.40620663e-03 3.22544977e-03 6.45615153e-03 5.52745575e-03 4.95361326e-03 3.91175561e-03 8.67398462e-03 8.68027140e-03 3.91175561e-03 4.95361326e-03 5.52745575e-03 6.45615153e-03 3.22544977e-03 6.40620663e-03 6.05344892e-03 3.91978870e-03 4.93649928e-03 
5.20071123e-03 5.89052636e-03 6.26188702e-03 2.95016393e-03 4.51903551e-03 6.54981870e-03 4.45934649e-03 6.66817931e-03 5.81693252e-03 6.76008683e-03 6.76415654e-03 5.81693252e-03 6.66817931e-03 4.45934649e-03 6.54981870e-03 4.51903551e-03 2.95016393e-03 6.26188702e-03 5.89052636e-03 5.20071123e-03 
7.79883172e-03 3.05866136e-03 5.27258580e-03 4.50561912e-03 2.87087312e-03 6.27774703e-03 6.36571099e-03 3.62960348e-03 5.32233321e-03 4.78137131e-03 4.78861928e-03 5.32233321e-03 3.62960348e-03 6.36571099e-03 6.27774703e-03 2.87087312e-03 4.50561912e-03 5.27258580e-03 3.05866136e-03 7.79883172e-03 
5.66688680e-03 3.44325917e-04 4.30711081e-03 5.78214919e-03 4.23122974e-03 5.65247901e-03 1.17773701e-03 1.77806194e-03 3.48874787e-03 4.80786185e-03 4.81810739e-03 3.48874787e-03 1.77806194e-03 1.17773701e-03 5.65247901e-03 4.23122974e-03 5.78214919e-03 4.30711081e-03 3.44325917e-04 5.66688680e-03 
3.41724409e-03 1.78053293e-03 3.87015674e-03 5.21613222e-03 5.52616727e-03 5.81814807e-03 2.54410320e-03 1.10287600e-03 2.85725106e-03 4.73458179e-03 4.73956227e-03 2.85725106e-03 1.10287600e-03 2.54410320e-03 5.81814807e-03 5.52616727e-03 5.21613222e-03 3.87015674e-03 1.78053293e-03 3.41724409e-03 
4.28026931e-03 2.30632307e-03 3.16947042e-03 3.41348893e-03 3.92120486e-03 3.25333286e-03 -1.77761119e-04 3.34536962e-03 1.80435944e-03 3.43649812e-03 3.44013115e-03 1.80435944e-03 3.34536962e-03 -1.77761119e-04 3.25333286e-03 3.92120486e-03 3.41348893e-03 3.16947042e-03 2.30632307e-03 4.28026931e-03 
3.25585426e-03 3.03816666e-03 4.89690649e-03 2.64727162e-03 2.33090290e-03 4.57228981e-03 3.24937371e-03 1.02330447e-03 1.04893210e-03 4.11776753e-03 4.12424808e-03 1.04893210e-03 1.02330447e-03 3.24937371e-03 4.57228981e-03 2.33090290e-03 2.64727162e-03 4.89690649e-03 3.03816666e-03 3.25585426e-03 
4.26522447e-03 2.72527415e-03 5.05455294e-03 3.43804952e-03 4.43696721e-03 4.06968432e-03 1.91874273e-03 2.32157837e-03 7.97684133e-04 4.14996474e-03 4.15455219e-03 7.97684133e-04 2.32157837e-03 1.91874273e-03 4.06968432e-03 4.43696721e-03 3.43804952e-03 5.05455294e-03 2.72527415e-03 4.26522447e-03 
3.12716754e-03 4.92447072e-03 4.84909454e-03 1.83265140e-03 2.45883206e-03 6.17180695e-03 2.30305461e-03 9.89275678e-04 1.39128198e-03 3.01912834e-03 3.02359508e-03 1.39128198e-03 9.89275678e-04 2.30305461e-03 6.17180695e-03 2.45883206e-03 1.83265140e-03 4.84909454e-03 4.92447072e-03 3.12716754e-03 
4.45522695e-03 5.68593805e-03 4.56943346e-03 -2.26093159e-03 4.60858998e-03 3.51030404e-03 2.87700175e-03 3.10677437e-03 3.15381658e-03 3.01323381e-03 3.01867221e-03 3.15381658e-03 3.10677437e-03 2.87700175e-03 3.51030404e-03 4.60858998e-03 -2.26093159e-03 4.56943346e-03 5.68593805e-03 4.45522695e-03 
3.99495171e-03 3.62004982e-03 2.96801197e-03 -7.80990283e-05 3.39113446e-03 3.67356938e-03 1.51900953e-03 3.09359748e-03 4.34494846e-03 4.28904436e-03 4.29487322e-03 4.34494846e-03 3.09359748e-03 1.51900953e-03 3.67356938e-03 3.39113446e-03 -7.80990283e-05 2.96801197e-03 3.62004982e-03 3.99495171e-03 
8.79663359e-04 4.60453362e-03 3.92949127e-03 -2.40877937e-03 3.00163084e-03 6.67769352e-03 5.05284025e-03 1.52629918e-03 2.84023012e-03 6.48297970e-03 6.48917749e-03 2.84023012e-03 1.52629918e-03 5.05284025e-03 6.67769352e-03 3.00163084e-03 -2.40877937e-03 3.92949127e-03 4.60453362e-03 8.79663359e-04 
2.66281214e-03 3.77142350e-03 2.83956553e-03 1.98587882e-04 3.42093815e-03 3.92979655e-03 2.65702107e-03 6.69426685e-04 -8.11071796e-04 3.92073228e-03 3.92677513e-03 -8.11071796e-04 6.69426685e-04 2.65702107e-03 3.92979655e-03 3.42093815e-03 1.98587882e-04 2.83956553e-03 3.77142350e-03 2.66281214e-03 
4.27026867e-03 2.84916173e-03 8.66193256e-04 1.09383558e-03 1.87351517e-05 5.70709201e-03 3.89135593e-03 3.37197781e-03 3.05068432e-04 -6.93905653e-04 -6.89485414e-04 3.05068432e-04 3.37197781e-03 3.89135593e-03 5.70709201e-03 1.87351517e-05 1.09383558e-03 8.66193256e-04 2.84916173e-03 4.27026867e-03 
3.71590143e-03 5.45357275e-03 6.67729322e-04 2.46098313e-03 4.97867338e-04 2.37545319e-03 1.44037375e-03 2.41402552e-03 1.01943227e-03 3.21062791e-03 3.21733614e-03 1.01943227e-03 2.41402552e-03 1.44037375e-03 2.37545319e-03 4.97867338e-04 2.46098313e-03 6.67729322e-04 5.45357275e-03 3.71590143e-03 
3.51835039e-03 2.39677847e-03 8.61368253e-04 1.45827739e-03 -5.46873610e-05 3.85199290e-03 4.14191351e-03 8.08995497e-04 3.05609143e-04 1.57284279e-03 1.57892177e-03 3.05609143e-04 8.08995497e-04 4.14191351e-03 3.85199290e-03 -5.46873610e-05 1.45827739e-03 8.61368253e-04 2.39677847e-03 3.51835039e-03 
5.01611498e-03 3.30454037e-03 8.68987272e-04 1.07349124e-04 1.81139180e-03 2.39135061e-03 8.53923407e-04 1.63770087e-03 -1.17467650e-04 5.26101691e-03 5.26512523e-03 -1.17467650e-04 1.63770087e-03 8.53923407e-04 2.39135061e-03 1.81139180e-03 1.07349124e-04 8.68987272e-04 3.30454037e-03 5.01611498e-03 
4.85206105e-03 3.77381469e-03 3.58170052e-03 -1.90803994e-03 2.65344585e-03 5.00873885e-03 4.23025300e-03 3.36058411e-05 -1.39787228e-04 2.95231488e-03 2.95677229e-03 -1.39787228e-04 3.36058411e-05 4.23025300e-03 5.00873885e-03 2.65344585e-03 -1.90803994e-03 3.58170052e-03 3.77381469e-03 4.85206105e-03 
3.79591647e-03 1.53218441e-03 1.91204906e-03 1.55155860e-03 1.42486449e-03 4.30378135e-03 2.56119311e-03 8.34278364e-04 2.84679908e-03 4.08914150e-03 4.09305988e-03 2.84679908e-03 8.34278364e-04 2.56119311e-03 4.30378135e-03 1.42486449e-03 1.55155860e-03 1.91204906e-03 1.53218441e-03 3.79591647e-03 
3.22584371e-03 -2.95129791e-04 2.65074783e-03 1.81958114e-03 2.82408479e-03 1.82638701e-03 2.76027977e-03 2.51335436e-03 2.74943292e-03 5.24442175e-03 5.25080226e-03 2.74943292e-03 2.51335436e-03 2.76027977e-03 1.82638701e-03 2.82408479e-03 1.81958114e-03 2.65074783e-03 -2.95129791e-04 3.22584371e-03 
4.52935319e-03 3.06837634e-03 3.58280481e-03 1.07571949e-03 5.57400672e-03 2.02538562e-03 2.30930856e-03 3.39012797e-03 5.09345778e-03 4.01554827e-03 4.02012097e-03 5.09345778e-03 3.39012797e-03 2.30930856e-03 2.02538562e-03 5.57400672e-03 1.07571949e-03 3.58280481e-03 3.06837634e-03 4.52935319e-03 
5.30334448e-03 2.40011545e-03 1.78935847e-03 1.76822782e-03 4.72733116e-03 5.36958093e-03 4.79072310e-03 2.97998917e-03 3.97495821e-03 4.31650261e-03 4.32219163e-03 3.97495821e-03 2.97998917e-03 4.79072310e-03 5.36958093e-03 4.72733116e-03 1.76822782e-03 1.78935847e-03 2.40011545e-03 5.30334448e-03 
4.04030658e-03 1.10325220e-03 4.80836654e-04 1.80096155e-03 3.37577419e-03 3.69840516e-03 4.23122307e-03 3.75005791e-03 4.35717629e-03 6.37302389e-03 6.37540786e-03 4.35717629e-03 3.75005791e-03 4.23122307e-03 3.69840516e-03 3.37577419e-03 1.80096155e-03 4.80836654e-04 1.10325220e-03 4.04030658e-03 
4.63073469e-03 3.51410224e-03 2.81423969e-03 3.23761573e-03 6.43304591e-03 4.89614619e-03 3.84207780e-03 2.47693781e-03 4.05600025e-03 5.63817148e-03 5.64361183e-03 4.05600025e-03 2.47693781e-03 3.84207780e-03 4.89614619e-03 6.43304591e-03 3.23761573e-03 2.81423969e-03 3.51410224e-03 4.63073469e-03 
6.61385675e-03 2.91405443e-03 9.95821443e-04 3.39874469e-03 3.18871224e-03 5.60323004e-03 3.43561916e-03 4.24609731e-03 2.46642872e-03 6.58249444e-03 6.58743638e-03 2.46642872e-03 4.24609731e-03 3.43561916e-03 5.60323004e-03 3.18871224e-03 3.39874469e-03 9.95821443e-04 2.91405443e-03 6.61385675e-03 
5.23913113e-03 1.58931939e-03 2.38050870e-03 3.47913477e-03 6.29293429e-03 5.78332951e-03 2.92061537e-03 1.93878923e-03 3.70250533e-03 4.80410719e-03 4.80782694e-03 3.70250533e-03 1.93878923e-03 2.92061537e-03 5.78332951e-03 6.29293429e-03 3.47913477e-03 2.38050870e-03 1.58931939e-03 5.23913113e-03 
7.57167921e-03 3.77944566e-03 3.12978015e-03 3.03366825e-03 6.03680121e-03 6.05900889e-03 2.44225238e-03 7.91785258e-04 4.67812838e-03 4.81446894e-03 4.81883766e-03 4.67812838e-03 7.91785258e-04 2.44225238e-03 6.05900889e-03 6.03680121e-03 3.03366825e-03 3.12978015e-03 3.77944566e-03 7.57167921e-03 
8.07137356e-03 2.99522384e-03 2.01513455e-03 4.52683610e-03 7.29906320e-03 4.05603684e-03 2.96617755e-03 1.13180680e-03 3.88585770e-03 4.47052551e-03 4.47408947e-03 3.88585770e-03 1.13180680e-03 2.96617755e-03 4.05603684e-03 7.29906320e-03 4.52683610e-03 2.01513455e-03 2.99522384e-03 8.07137356e-03 
7.28081271e-03 1.98970747e-03 2.84660688e-03 5.46092656e-03 6.41693387e-03 4.25488120e-03 2.43953168e-03 3.65168403e-03 4.33217838e-03 6.43385898e-03 6.43804664e-03 4.33217838e-03 3.65168403e-03 2.43953168e-03 4.25488120e-03 6.41693387e-03 5.46092656e-03 2.84660688e-03 1.98970747e-03 7.28081271e-03 
4.88900187e-03 5.30015891e-03 2.52818119e-03 4.30251352e-03 6.39128015e-03 4.59421970e-03 3.64032169e-03 5.77574081e-03 3.53676343e-03 4.70170838e-03 4.70444260e-03 3.53676343e-03 5.77574081e-03 3.64032169e-03 4.59421970e-03 6.39128015e-03 4.30251352e-03 2.52818119e-03 5.30015891e-03 4.88900187e-03 
3.86070915e-03 2.72121175e-03 3.86656817e-03 4.31704378e-03 6.53426767e-03 4.26565173e-03 5.55597727e-03 3.84932589e-03 3.67556384e-03 4.91918454e-03 4.92454137e-03 3.67556384e-03 3.84932589e-03 5.55597727e-03 4.26565173e-03 6.53426767e-03 4.31704378e-03 3.86656817e-03 2.72121175e-03 3.86070915e-03 
2.79032478e-03 3.58663753e-03 3.70243501e-03 3.27516525e-03 4.68441738e-03 2.55758167e-03 3.63535120e-03 4.70655996e-03 2.79065282e-03 4.65161356e-03 4.65686217e-03 2.79065282e-03 4.70655996e-03 3.63535120e-03 2.55758167e-03 4.68441738e-03 3.27516525e-03 3.70243501e-03 3.58663753e-03 2.79032478e-03 
4.12181653e-03 2.84169248e-03 4.83742581e-03 2.44820382e-03 4.24172770e-03 4.13708672e-03 2.93138474e-03 5.46286060e-03 3.54026344e-03 5.81327125e-03 5.81648603e-03 3.54026344e-03 5.46286060e-03 2.93138474e-03 4.13708672e-03 4.24172770e-03 2.44820382e-03 4.83742581e-03 2.84169248e-03 4.12181653e-03 
4.20783359e-03 3.06760090e-03 4.18561820e-03 5.21839771e-03 4.93810560e-03 3.69372840e-03 3.18781612e-03 5.71076017e-03 4.42589108e-03 5.78969572e-03 5.79473751e-03 4.42589108e-03 5.71076017e-03 3.18781612e-03 3.69372840e-03 4.93810560e-03 5.21839771e-03 4.18561820e-03 3.06760090e-03 4.20783359e-03 
4.60513242e-03 2.27592821e-03 5.79854258e-03 3.67524255e-03 5.09479204e-03 4.48171348e-03 1.32626659e-03 3.56727029e-03 5.12630326e-03 4.17355230e-03 4.17756844e-03 5.12630326e-03 3.56727029e-03 1.32626659e-03 4.48171348e-03 5.09479204e-03 3.67524255e-03 5.79854258e-03 2.27592821e-03 4.60513242e-03 
4.51941210e-03 1.62093008e-03 3.57061970e-03 3.84174652e-03 4.63089218e-03 2.38069105e-03 3.10228220e-03 4.36415791e-03 3.27131993e-03 5.20525692e-03 5.21010388e-03 3.27131993e-03 4.36415791e-03 3.10228220e-03 2.38069105e-03 4.63089218e-03 3.84174652e-03 3.57061970e-03 1.62093008e-03 4.51941210e-03 
3.11149875e-03 4.44507475e-03 4.43021927e-03 3.25737951e-03 4.29488590e-03 4.89133322e-03 1.77747709e-03 4.43423025e-03 2.67950153e-03 5.34457376e-03 5.34903041e-03 2.67950153e-03 4.43423025e-03 1.77747709e-03 4.89133322e-03 4.29488590e-03 3.25737951e-03 4.43021927e-03 4.44507475e-03 3.11149875e-03 
4.32789015e-03 1.43539020e-03 3.62666038e-03 2.88477327e-03 3.19298211e-03 3.17666089e-03 3.86550402e-03 3.48559836e-03 2.44118569e-03 5.25674272e-03 5.25994867e-03 2.44118569e-03 3.48559836e-03 3.86550402e-03 3.17666089e-03 3.19298211e-03 2.88477327e-03 3.62666038e-03 1.43539020e-03 4.32789015e-03 
3.11830788e-03 1.75188842e-03 4.94510933e-03 2.76830319e-03 3.62901734e-03 3.32447894e-03 2.09788979e-03 3.15562456e-03 4.51003405e-03 5.78795151e-03 5.79138293e-03 4.51003405e-03 3.15562456e-03 2.09788979e-03 3.32447894e-03 3.62901734e-03 2.76830319e-03 4.94510933e-03 1.75188842e-03 3.11830788e-03 
2.07345001e-03 4.24646918e-03 2.89927586e-03 3.16964053e-03 3.53751152e-04 2.21445494e-03 2.52494638e-03 2.64574761e-03 2.25514292e-03 4.39575200e-03 4.39883868e-03 2.25514292e-03 2.64574761e-03 2.52494638e-03 2.21445494e-03 3.53751152e-04 3.16964053e-03 2.89927586e-03 4.24646918e-03 2.07345001e-03 
1.32635448e-03 2.99644401e-03 3.17311987e-03 3.00732272e-03 1.94520197e-03 3.52165191e-03 1.01885861e-03 2.58622000e-03 2.41753105e-03 2.65713822e-03 2.66126938e-03 2.41753105e-03 2.58622000e-03 1.01885861e-03 3.52165191e-03 1.94520197e-03 3.00732272e-03 3.17311987e-03 2.99644401e-03 1.32635448e-03 
2.49466239e-03 3.09161126e-03 4.64319169e-03 4.40216818e-03 2.59280208e-03 1.77537684e-03 -2.26348458e-04 3.80603037e-03 2.13819631e-03 2.49723078e-03 2.50209721e-03 2.13819631e-03 3.80603037e-03 -2.26348458e-04 1.77537684e-03 2.59280208e-03 4.40216818e-03 4.64319169e-03 3.09161126e-03 2.49466239e-03 
2.02047756e-03 1.81051307e-03 4.07499732e-03 2.72987085e-03 2.25897704e-03 3.00022335e-03 6.97913642e-04 3.24642065e-03 4.02695235e-03 3.03048372e-03 3.03605800e-03 4.02695235e-03 3.24642065e-03 6.97913642e-04 3.00022335e-03 2.25897704e-03 2.72987085e-03 4.07499732e-03 1.81051307e-03 2.02047756e-03 
1.41677020e-03 2.50997499e-03 3.68111688e-03 2.68357403e-03 1.14359933e-03 3.55365452e-03 2.23875906e-03 2.68591996e-03 2.86134362e-03 1.18178591e-03 1.18569579e-03 2.86134362e-03 2.68591996e-03 2.23875906e-03 3.55365452e-03 1.14359933e-03 2.68357403e-03 3.68111688e-03 2.50997499e-03 1.41677020e-03 
1.83850483e-03 1.85092106e-03 1.62128483e-03 4.43919119e-04 2.77087403e-03 1.14140398e-03 1.21961342e-03 2.44318798e-03 1.93937069e-03 -4.93570167e-04 -4.91010120e-04 1.93937069e-03 2.44318798e-03 1.21961342e-03 1.14140398e-03 2.77087403e-03 4.43919119e-04 1.62128483e-03 1.85092106e-03 1.83850483e-03 
1.18389558e-03 1.00182856e-03 3.37448370e-03 -4.27935341e-05 1.73085106e-03 1.89720096e-03 2.03450565e-03 1.39978582e-03 2.82363038e-03 1.61668196e-03 1.61995112e-03 2.82363038e-03 1.39978582e-03 2.03450565e-03 1.89720096e-03 1.73085106e-03 -4.27935341e-05 3.37448370e-03 1.00182856e-03 1.18389558e-03 
9.49024938e-04 1.84709558e-03 1.87266651e-03 2.34397882e-04 1.95115012e-04 2.97332806e-03 2.08476930e-03 5.41866636e-04 1.90120218e-03 2.88450924e-03 2.88697986e-03 1.90120218e-03 5.41866636e-04 2.08476930e-03 2.97332806e-03 1.95115012e-04 2.34397882e-04 1.87266651e-03 1.84709558e-03 9.49024938e-04 
2.89916877e-03 1.58787117e-03 2.15982658e-03 3.48362660e-03 3.09593017e-03 3.02492127e-03 4.06453091e-04 5.06108309e-04 9.17110222e-04 -6.37681126e-04 -6.34039644e-04 9.17110222e-04 5.06108309e-04 4.06453091e-04 3.02492127e-03 3.09593017e-03 3.48362660e-03 2.15982658e-03 1.58787117e-03 2.89916877e-03 
1.73743316e-03 2.12596061e-03 6.10858655e-04 1.09446021e-03 1.37491093e-03 2.41142151e-03 5.93203739e-04 -4.36268733e-04 1.76868714e-03 1.26253978e-03 1.26564132e-03 1.76868714e-03 -4.36268733e-04 5.93203739e-04 2.41142151e-03 1.37491093e-03 1.09446021e-03 6.10858655e-04 2.12596061e-03 1.73743316e-03 
1.40117972e-03 3.83324844e-04 1.46712571e-04 1.85494062e-03 1.10406600e-03 1.11813610e-03 5.44193050e-04 2.01585982e-04 1.38581986e-03 1.63873000e-03 1.64224753e-03 1.38581986e-03 2.01585982e-04 5.44193050e-04 1.11813610e-03 1.10406600e-03 1.85494062e-03 1.46712571e-04 3.83324844e-04 1.40117972e-03 
2.61406059e-03 -2.18658223e-04 -7.39995593e-04 6.37635237e-04 1.46580437e-03 1.41105415e-03 6.12046713e-04 -3.37379755e-04 1.25763827e-03 2.42041770e-03 2.42433667e-03 1.25763827e-03 -3.37379755e-04 6.12046713e-04 1.41105415e-03 1.46580437e-03 6.37635237e-04 -7.39995593e-04 -2.18658223e-04 2.61406059e-03 
-9.65660662e-05 1.89243281e-04 -6.10614916e-04 -2.42983860e-04 1.16487083e-03 1.03228493e-04 1.76664043e-04 -5.80470076e-04 1.29972932e-03 1.89537323e-03 1.89809306e-03 1.29972932e-03 -5.80470076e-04 1.76664043e-04 1.03228493e-04 1.16487083e-03 -2.42983860e-04 -6.10614916e-04 1.89243281e-04 -9.65660662e-05 
-4.37834795e-04 -1.47375998e-03 9.63977095e-05 2.27782800e-04 -3.61388508e-04 2.78486969e-04 2.18630100e-03 1.38918688e-03 1.08529617e-03 2.88713292e-03 2.89136756e-03 1.08529617e-03 1.38918688e-03 2.18630100e-03 2.78486969e-04 -3.61388508e-04 2.27782800e-04 9.63977095e-05 -1.47375998e-03 -4.37834795e-04 
1.93945144e-03 -2.84905560e-04 -1.45593702e-03 9.31936961e-04 9.64267731e-04 2.53773509e-03 1.17721243e-03 3.40886640e-04 1.24264114e-03 7.39596276e-04 7.42007384e-04 1.24264114e-03 3.40886640e-04 1.17721243e-03 2.53773509e-03 9.64267731e-04 9.31936961e-04 -1.45593702e-03 -2.84905560e-04 1.93945144e-03 
-1.09987771e-03 1.27192071e-03 -1.04101934e-03 -3.30730283e-04 3.05824108e-04 -1.10074011e-03 -8.84181378e-06 -7.09321141e-04 9.51649231e-04 1.19797045e-03 1.20271361e-03 9.51649231e-04 -7.09321141e-04 -8.84181378e-06 -1.10074011e-03 3.05824108e-04 -3.30730283e-04 -1.04101934e-03 1.27192071e-03 -1.09987771e-03 
-1.08530249e-03 8.44954542e-04 -1.79644982e-03 -1.18201683e-03 3.24268302e-05 5.38482082e-05 5.21725037e-04 2.77924305e-04 9.88117217e-04 3.05390329e-04 3.07087072e-04 9.88117217e-04 2.77924305e-04 5.21725037e-04 5.38482082e-05 3.24268302e-05 -1.18201683e-03 -1.79644982e-03 8.44954542e-04 -1.08530249e-03 
-3.25444971e-04 5.72053616e-04 4.76481806e-04 -1.18442275e-04 6.53331389e-04 -3.66136026e-04 1.75263669e-04 4.96305653e-04 9.38064433e-04 1.45006218e-04 1.48344971e-04 9.38064433e-04 4.96305653e-04 1.75263669e-04 -3.66136026e-04 6.53331389e-04 -1.18442275e-04 4.76481806e-04 5.72053616e-04 -3.25444971e-04 
1.13128843e-03 4.16317559e-04 -1.39246429e-03 -3.17646651e-04 -9.83505882e-05 2.73097518e-04 3.24944199e-04 1.08933471e-04 2.78846853e-04 9.28147997e-05 9.58948006e-05 2.78846853e-04 1.08933471e-04 3.24944199e-04 2.73097518e-04 -9.83505882e-05 -3.17646651e-04 -1.39246429e-03 4.16317559e-04 1.13128843e-03 
-1.40194031e-03 6.95640164e-05 -1.40325380e-03 -1.41073054e-03 1.59835638e-03 3.82374879e-04 -9.75159601e-04 -1.31676604e-03 1.18471049e-03 -4.90787742e-04 -4.87958703e-04 1.18471049e-03 -1.31676604e-03 -9.75159601e-04 3.82374879e-04 1.59835638e-03 -1.41073054e-03 -1.40325380e-03 6.95640164e-05 -1.40194031e-03 
-1.22525633e-03 -3.03093587e-04 -6.96402510e-04 -4.91245416e-04 9.43163661e-04 6.88681351e-04 -1.58246635e-03 9.08120111e-05 -7.36877031e-04 2.46804224e-05 2.94538303e-05 -7.36877031e-04 9.08120111e-05 -1.58246635e-03 6.88681351e-04 9.43163661e-04 -4.91245416e-04 -6.96402510e-04 -3.03093587e-04 -1.22525633e-03 
-3.12953661e-04 -1.07866634e-03 1.63556531e-05 -1.60689258e-03 1.44567946e-03 -7.05697112e-04 8.20344178e-04 1.69165356e-04 5.51238559e-04 4.92503247e-04 4.95831581e-04 5.51238559e-04 1.69165356e-04 8.20344178e-04 -7.05697112e-04 1.44567946e-03 -1.60689258e-03 1.63556531e-05 -1.07866634e-03 -3.12953661e-04 
-8.99926175e-04 -1.20321675e-03 -3.46907782e-03 -1.01499734e-03 8.90615819e-04 -4.55446942e-04 3.54002555e-04 -5.22716349e-04 4.95191210e-04 6.53341779e-04 6.55654767e-04 4.95191210e-04 -5.22716349e-04 3.54002555e-04 -4.55446942e-04 8.90615819e-04 -1.01499734e-03 -3.46907782e-03 -1.20321675e-03 -8.99926175e-04 
-1.58796436e-03 3.56352537e-05 5.82497004e-04 -1.52438681e-03 1.22927988e-03 -1.02193445e-03 4.03626652e-06 -2.56157195e-04 1.06891264e-03 -1.18658900e-04 -1.15242793e-04 1.06891264e-03 -2.56157195e-04 4.03626652e-06 -1.02193445e-03 1.22927988e-03 -1.52438681e-03 5.82497004e-04 3.56352537e-05 -1.58796436e-03 
-1.24315894e-03 4.47694879e-04 -3.53206368e-04 -1.21905061e-03 1.11609374e-03 -1.38229579e-03 -1.40603035e-03 1.17933999e-04 -9.67314757e-04 -8.26869701e-04 -8.23505748e-04 -9.67314757e-04 1.17933999e-04 -1.40603035e-03 -1.38229579e-03 1.11609374e-03 -1.21905061e-03 -3.53206368e-04 4.47694879e-04 -1.24315894e-03 
-2.09694756e-03 -4.57111800e-04 8.14323865e-05 -3.13011454e-05 5.40464923e-04 3.53266727e-05 -7.30985262e-04 -1.47769537e-03 -8.54854106e-04 -5.22175153e-04 -5.19230277e-04 -8.54854106e-04 -1.47769537e-03 -7.30985262e-04 3.53266727e-05 5.40464923e-04 -3.13011454e-05 8.14323865e-05 -4.57111800e-04 -2.09694756e-03 
-1.82629771e-03 -9.80140368e-04 7.24411195e-04 7.45893711e-04 1.26727529e-03 -7.42744966e-04 -5.10878819e-04 -1.57131746e-03 5.18362094e-05 -4.01744010e-04 -3.99205991e-04 5.18362094e-05 -1.57131746e-03 -5.10878819e-04 -7.42744966e-04 1.26727529e-03 7.45893711e-04 7.24411195e-04 -9.80140368e-04 -1.82629771e-03 
-2.78273592e-03 -1.14889532e-03 7.96212545e-04 8.11728933e-05 1.20569954e-03 -1.45257287e-03 -4.10729385e-04 -1.12192954e-03 -3.40279049e-04 -6.87798321e-04 -6.82976625e-04 -3.40279049e-04 -1.12192954e-03 -4.10729385e-04 -1.45257287e-03 1.20569954e-03 8.11728933e-05 7.96212545e-04 -1.14889532e-03 -2.78273592e-03 
-2.31641181e-03 -1.87639655e-03 -2.04303360e-04 -2.93678711e-04 -1.83971395e-03 -2.64593944e-03 7.79793152e-04 -6.48629049e-04 -1.73670358e-03 2.19789720e-04 2.22252820e-04 -1.73670358e-03 -6.48629049e-04 7.79793152e-04 -2.64593944e-03 -1.83971395e-03 -2.93678711e-04 -2.04303360e-04 -1.87639655e-03 -2.31641181e-03 
-1.93238672e-03 -3.30473348e-04 -5.56693125e-04 1.39561076e-04 5.82606355e-05 -1.58855000e-03 -1.18118105e-03 -1.79570144e-03 -9.24538616e-04 3.80342126e-04 3.84155793e-04 -9.24538616e-04 -1.79570144e-03 -1.18118105e-03 -1.58855000e-03 5.82606355e-05 1.39561076e-04 -5.56693125e-04 -3.30473348e-04 -1.93238672e-03 
-2.24300508e-03 -1.15011217e-03 3.13028541e-04 -1.17436831e-03 -6.30142485e-04 -1.66051605e-03 -1.81596033e-03 -1.48628179e-03 -2.38999388e-03 1.61342247e-04 1.64416969e-04 -2.38999388e-03 -1.48628179e-03 -1.81596033e-03 -1.66051605e-03 -6.30142485e-04 -1.17436831e-03 3.13028541e-04 -1.15011217e-03 -2.24300508e-03 
-1.86555685e-03 -1.91951056e-03 -9.55215242e-05 -2.80903138e-03 -1.35244946e-03 -1.21777560e-03 -9.76120201e-04 -1.63593793e-03 -1.43603142e-03 -7.34801485e-04 -7.30592927e-04 -1.43603142e-03 -1.63593793e-03 -9.76120201e-04 -1.21777560e-03 -1.35244946e-03 -2.80903138e-03 -9.55215242e-05 -1.91951056e-03 -1.86555685e-03 
-1.83030963e-03 -5.01289059e-04 -5.86970036e-05 -1.79463679e-03 -1.95591119e-03 -1.24137598e-03 -5.40529179e-04 -1.23108893e-03 -2.39800549e-03 -1.29961396e-03 -1.29579780e-03 -2.39800549e-03 -1.23108893e-03 -5.40529179e-04 -1.24137598e-03 -1.95591119e-03 -1.79463679e-03 -5.86970036e-05 -5.01289059e-04 -1.83030963e-03 
-3.90001129e-03 -1.74115230e-03 2.00757707e-04 -3.07064804e-04 -7.03836918e-04 -1.08131014e-03 -9.72549441e-04 -2.14029589e-03 -2.78222934e-03 2.55139642e-05 2.86214127e-05 -2.78222934e-03 -2.14029589e-03 -9.72549441e-04 -1.08131014e-03 -7.03836918e-04 -3.07064804e-04 2.00757707e-04 -1.74115230e-03 -3.90001129e-03 
-2.47224140e-03 -1.62860488e-03 -1.84144365e-04 -2.51941624e-04 -8.44542876e-04 -1.87689924e-03 -1.53605880e-03 -1.57080388e-03 -1.33702023e-03 -1.39965813e-03 -1.39611107e-03 -1.33702023e-03 -1.57080388e-03 -1.53605880e-03 -1.87689924e-03 -8.44542876e-04 -2.51941624e-04 -1.84144365e-04 -1.62860488e-03 -2.47224140e-03 
-2.63977889e-03 -2.01848648e-03 -6.93560740e-04 -1.28584308e-03 -1.61365016e-04 -7.95533129e-04 -2.33561027e-03 -5.63214117e-04 -9.71660029e-04 -1.81493910e-03 -1.81128303e-03 -9.71660029e-04 -5.63214117e-04 -2.33561027e-03 -7.95533129e-04 -1.61365016e-04 -1.28584308e-03 -6.93560740e-04 -2.01848648e-03 -2.63977889e-03 
-1.74330337e-03 1.95600877e-04 -9.85928313e-05 -1.46243223e-03 -2.39812081e-04 -5.71152251e-04 -2.75997225e-03 1.93641676e-04 -1.98702805e-03 -5.55478639e-04 -5.53127597e-04 -1.98702805e-03 1.93641676e-04 -2.75997225e-03 -5.71152251e-04 -2.39812081e-04 -1.46243223e-03 -9.85928313e-05 1.95600877e-04 -1.74330337e-03 
-1.82044559e-04 -1.10507252e-03 1.62777173e-04 -2.61704859e-03 1.49485076e-04 -1.15815912e-04 -3.21789775e-03 -1.11766910e-03 -2.78242701e-03 -4.30807705e-04 -4.28489316e-04 -2.78242701e-03 -1.11766910e-03 -3.21789775e-03 -1.15815912e-04 1.49485076e-04 -2.61704859e-03 1.62777173e-04 -1.10507252e-03 -1.82044559e-04 
-1.27841107e-03 -8.41325349e-04 -5.81665184e-04 -2.27406719e-03 -2.63930159e-04 -7.15877556e-04 -2.17498935e-03 7.59543972e-04 -2.10830234e-03 -2.40456331e-04 -2.36798072e-04 -2.10830234e-03 7.59543972e-04 -2.17498935e-03 -7.15877556e-04 -2.63930159e-04 -2.27406719e-03 -5.81665184e-04 -8.41325349e-04 -1.27841107e-03 
-1.40741568e-03 -1.78165260e-04 -1.53009266e-03 -2.28938199e-03 -3.24532321e-06 1.90467043e-04 -2.16715603e-03 8.46849030e-04 -1.75349706e-03 1.73610681e-03 1.73866258e-03 -1.75349706e-03 8.46849030e-04 -2.16715603e-03 1.90467043e-04 -3.24532321e-06 -2.28938199e-03 -1.53009266e-03 -1.78165260e-04 -1.40741568e-03 
-5.34829877e-04 -1.24923639e-03 -7.28872622e-04 -2.09273287e-03 2.97692838e-04 3.04662658e-04 -2.27691406e-03 -7.73583274e-04 -6.19283330e-04 3.81775556e-04 3.84296555e-04 -6.19283330e-04 -7.73583274e-04 -2.27691406e-03 3.04662658e-04 2.97692838e-04 -2.09273287e-03 -7.28872622e-04 -1.24923639e-03 -5.34829877e-04 
-1.11310725e-03 -1.30350380e-03 -9.64110788e-04 -2.17034575e-03 -2.60236007e-04 -6.54780387e-04 -2.40477562e-03 -4.25563487e-05 -1.31813281e-03 -2.56725044e-04 -2.54530693e-04 -1.31813281e-03 -4.25563487e-05 -2.40477562e-03 -6.54780387e-04 -2.60236007e-04 -2.17034575e-03 -9.64110788e-04 -1.30350380e-03 -1.11310725e-03 
-1.00742026e-03 -2.48840194e-04 -8.17576005e-06 -2.26176185e-03 -6.85932990e-04 -2.46242317e-04 -2.40478941e-03 1.05984032e-03 -1.44203483e-04 -1.37997444e-04 -1.34533608e-04 -1.44203483e-04 1.05984032e-03 -2.40478941e-03 -2.46242317e-04 -6.85932990e-04 -2.26176185e-03 -8.17576005e-06 -2.48840194e-04 -1.00742026e-03 
-5.84387425e-04 -5.61603077e-04 -9.78414236e-04 -1.63275222e-03 -3.50919063e-04 -4.31661095e-04 -1.78312891e-03 1.61558374e-03 -4.22832160e-04 -8.40573923e-05 -8.22061641e-05 -4.22832160e-04 1.61558374e-03 -1.78312891e-03 -4.31661095e-04 -3.50919063e-04 -1.63275222e-03 -9.78414236e-04 -5.61603077e-04 -5.84387425e-04 
-1.93459809e-03 -1.73302777e-03 -5.32809686e-04 -1.75396467e-03 -2.37111129e-03 -1.00933519e-04 -2.05336965e-04 3.81879727e-04 -1.13576418e-03 -5.81849798e-04 -5.77634316e-04 -1.13576418e-03 3.81879727e-04 -2.05336965e-04 -1.00933519e-04 -2.37111129e-03 -1.75396467e-03 -5.32809686e-04 -1.73302777e-03 -1.93459809e-03 
-1.92653407e-03 -9.25634153e-04 -1.40043068e-03 -1.49257504e-03 -1.01035982e-03 -2.40063468e-04 -1.66611705e-03 -2.67034240e-04 -1.05085064e-03 -1.40660137e-03 -1.40258002e-03 -1.05085064e-03 -2.67034240e-04 -1.66611705e-03 -2.40063468e-04 -1.01035982e-03 -1.49257504e-03 -1.40043068e-03 -9.25634153e-04 -1.92653407e-03 
-1.40734757e-03 -2.06311670e-04 2.10410564e-04 -4.97811952e-04 -1.48549155e-03 -7.55098585e-04 -6.46915030e-04 2.80137979e-04 -1.00670575e-03 -5.76229633e-04 -5.74039960e-04 -1.00670575e-03 2.80137979e-04 -6.46915030e-04 -7.55098585e-04 -1.48549155e-03 -4.97811952e-04 2.10410564e-04 -2.06311670e-04 -1.40734757e-03 
-2.35240054e-03 -7.54166103e-04 1.78103192e-03 -3.91618670e-04 -1.44407334e-03 -4.24780143e-04 -2.68111112e-03 9.28360137e-05 -2.94444428e-03 -8.28391071e-04 -8.25689526e-04 -2.94444428e-03 9.28360137e-05 -2.68111112e-03 -4.24780143e-04 -1.44407334e-03 -3.91618670e-04 1.78103192e-03 -7.54166103e-04 -2.35240054e-03 
-5.44044803e-04 -7.61579838e-04 1.98564166e-03 -8.03246831e-04 -1.65718685e-03 -6.50726243e-06 -1.68045370e-03 -1.97908760e-04 -1.76798771e-03 -4.03043699e-04 -3.99977008e-04 -1.76798771e-03 -1.97908760e-04 -1.68045370e-03 -6.50726243e-06 -1.65718685e-03 -8.03246831e-04 1.98564166e-03 -7.61579838e-04 -5.44044803e-04 
-1.38486320e-03 -2.60326649e-05 1.05625378e-03 -3.75102126e-04 -9.98148994e-04 -1.15853404e-03 -2.05740106e-03 -7.09825973e-05 -1.28732909e-03 -2.31249028e-03 -2.30998941e-03 -1.28732909e-03 -7.09825973e-05 -2.05740106e-03 -1.15853404e-03 -9.98148994e-04 -3.75102126e-04 1.05625378e-03 -2.60326649e-05 -1.38486320e-03 
-4.35475344e-04 -1.05259962e-03 1.45981998e-03 -9.05823059e-04 -2.02578211e-03 3.73647476e-04 -1.08372222e-03 -1.10210990e-03 -1.10191498e-03 -1.26653312e-04 -1.23794450e-04 -1.10191498e-03 -1.10210990e-03 -1.08372222e-03 3.73647476e-04 -2.02578211e-03 -9.05823059e-04 1.45981998e-03 -1.05259962e-03 -4.35475344e-04 
-5.39823506e-04 -1.60685843e-03 1.09713497e-03 -1.23176355e-03 -1.05452467e-04 -5.11801437e-05 -2.21540129e-03 -1.83113271e-03 -1.42877336e-03 6.55759177e-05 6.86551984e-05 -1.42877336e-03 -1.83113271e-03 -2.21540129e-03 -5.11801437e-05 -1.05452467e-04 -1.23176355e-03 1.09713497e-03 -1.60685843e-03 -5.39823506e-04 
-3.03680438e-04 -1.72380646e-03 -5.19686047e-04 -1.00470469e-04 -1.34703187e-03 -3.39216845e-04 -2.35529031e-03 -9.60945600e-04 -8.84488482e-04 -4.97325349e-04 -4.94918249e-04 -8.84488482e-04 -9.60945600e-04 -2.35529031e-03 -3.39216845e-04 -1.34703187e-03 -1.00470469e-04 -5.19686047e-04 -1.72380646e-03 -3.03680438e-04 
-8.26960131e-04 -9.55381346e-04 -5.67427923e-04 -6.75269217e-04 -2.13425432e-03 -1.55401312e-03 -1.56345862e-03 -9.12657679e-04 -4.50453899e-04 5.96870216e-04 5.98746805e-04 -4.50453899e-04 -9.12657679e-04 -1.56345862e-03 -1.55401312e-03 -2.13425432e-03 -6.75269217e-04 -5.67427923e-04 -9.55381346e-04 -8.26960131e-04 
-1.85420469e-03 -5.03165558e-04 -7.58979597e-04 -3.21667937e-04 -2.05985669e-03 -2.22127714e-03 -1.13612152e-03 -2.02791855e-03 -1.39329463e-03 -6.49450910e-04 -6.46856322e-04 -1.39329463e-03 -2.02791855e-03 -1.13612152e-03 -2.22127714e-03 -2.05985669e-03 -3.21667937e-04 -7.58979597e-04 -5.03165558e-04 -1.85420469e-03 
-1.58656695e-03 -1.42231927e-03 -6.49464389e-04 -5.99067442e-04 -1.12591688e-03 -8.82474003e-04 -1.64501764e-03 -1.25453282e-03 -7.40862242e-04 -8.20972644e-04 -8.18532114e-04 -7.40862242e-04 -1.25453282e-03 -1.64501764e-03 -8.82474003e-04 -1.12591688e-03 -5.99067442e-04 -6.49464389e-04 -1.42231927e-03 -1.58656695e-03 
-1.28623149e-03 -1.17425980e-03 -4.56508015e-04 -5.91078943e-04 3.69599585e-04 -1.48474320e-03 -8.50457927e-04 -1.06879670e-03 -8.17372643e-04 -8.15745498e-04 -8.13214383e-04 -8.17372643e-04 -1.06879670e-03 -8.50457927e-04 -1.48474320e-03 3.69599585e-04 -5.91078943e-04 -4.56508015e-04 -1.17425980e-03 -1.28623149e-03 
-7.74198691e-04 -6.66211800e-04 6.98625826e-04 -3.73563753e-04 -7.16886014e-05 -1.62642600e-03 3.99727160e-04 -2.07325599e-03 -4.87384556e-04 -1.55713342e-03 -1.55427599e-03 -4.87384556e-04 -2.07325599e-03 3.99727160e-04 -1.62642600e-03 -7.16886014e-05 -3.73563753e-04 6.98625826e-04 -6.66211800e-04 -7.74198691e-04 
-1.24280559e-03 -4.53953127e-04 8.59526794e-04 -1.09543237e-03 -4.43661702e-04 3.38310204e-04 -3.05815410e-04 -1.82788782e-03 -1.39970572e-03 -7.96628189e-04 -7.94628712e-04 -1.39970572e-03 -1.82788782e-03 -3.05815410e-04 3.38310204e-04 -4.43661702e-04 -1.09543237e-03 8.59526794e-04 -4.53953127e-04 -1.24280559e-03 
-7.40478237e-04 -8.80905023e-04 7.67904146e-04 -1.09540883e-03 -7.92884096e-04 -3.66142373e-04 -2.97642919e-04 -1.36127270e-03 -1.27412326e-03 -1.08959886e-03 -1.08785588e-03 -1.27412326e-03 -1.36127270e-03 -2.97642919e-04 -3.66142373e-04 -7.92884096e-04 -1.09540883e-03 7.67904146e-04 -8.80905023e-04 -7.40478237e-04 
-1.47100225e-03 8.20008711e-05 -4.85837780e-04 -6.76246272e-04 -6.12757640e-04 -1.48705107e-04 -4.89396817e-04 -2.28866235e-03 -1.68672583e-03 -1.67111199e-03 -1.66789737e-03 -1.68672583e-03 -2.28866235e-03 -4.89396817e-04 -1.48705107e-04 -6.12757640e-04 -6.76246272e-04 -4.85837780e-04 8.20008711e-05 -1.47100225e-03 
-5.81771641e-04 1.93517478e-05 -3.73347761e-06 -4.39119695e-04 7.47438379e-07 -4.74967023e-04 -9.40244920e-04 -2.85690863e-04 -1.60540570e-03 -1.33484913e-03 -1.33292063e-03 -1.60540570e-03 -2.85690863e-04 -9.40244920e-04 -4.74967023e-04 7.47438379e-07 -4.39119695e-04 -3.73347761e-06 1.93517478e-05 -5.81771641e-04 
1.63051846e-04 -9.94812848e-04 9.41631498e-04 -6.27143943e-05 -4.77590687e-04 -6.30324800e-04 -2.03716011e-03 -9.86419414e-05 -1.44146905e-03 -1.17159207e-03 -1.16878961e-03 -1.44146905e-03 -9.86419414e-05 -2.03716011e-03 -6.30324800e-04 -4.77590687e-04 -6.27143943e-05 9.41631498e-04 -9.94812848e-04 1.63051846e-04 
2.37800077e-04 -4.53132545e-04 3.60149609e-05 -6.35088106e-04 -5.80369545e-05 -2.86298405e-04 -6.32989875e-05 -1.05377976e-03 -8.04525567e-04 -1.49595670e-03 -1.49374111e-03 -8.04525567e-04 -1.05377976e-03 -6.32989875e-05 -2.86298405e-04 -5.80369545e-05 -6.35088106e-04 3.60149609e-05 -4.53132545e-04 2.37800077e-04 
5.20571961e-04 -1.35521720e-03 -6.71928275e-05 -7.99640706e-04 8.86084254e-04 3.15563194e-04 -1.20330817e-03 -1.66659030e-04 -4.52740691e-04 -7.90717761e-04 -7.88199629e-04 -4.52740691e-04 -1.66659030e-04 -1.20330817e-03 3.15563194e-04 8.86084254e-04 -7.99640706e-04 -6.71928275e-05 -1.35521720e-03 5.20571961e-04 
1.81654337e-03 -1.48567163e-04 -9.62042849e-04 -2.30428733e-04 -8.94248699e-04 -6.51044628e-04 3.71227975e-05 -2.61339579e-03 -1.65259091e-03 -4.70170054e-04 -4.68005836e-04 -1.65259091e-03 -2.61339579e-03 3.71227975e-05 -6.51044628e-04 -8.94248699e-04 -2.30428733e-04 -9.62042849e-04 -1.48567163e-04 1.81654337e-03 
1.01739793e-03 -4.17469844e-04 -4.05918169e-04 -9.65318724e-04 -9.99118069e-04 -3.01899615e-04 -2.87780901e-04 -2.05951905e-03 -1.22710321e-03 -6.74815491e-04 -6.71820613e-04 -1.22710321e-03 -2.05951905e-03 -2.87780901e-04 -3.01899615e-04 -9.99118069e-04 -9.65318724e-04 -4.05918169e-04 -4.17469844e-04 1.01739793e-03 
1.08474674e-04 -1.16837111e-04 2.25624115e-04 -1.47721913e-03 -1.54234914e-03 -4.65589304e-04 -2.87169014e-04 -7.20875698e-04 -9.49835186e-04 -1.34658905e-03 -1.34352286e-03 -9.49835186e-04 -7.20875698e-04 -2.87169014e-04 -4.65589304e-04 -1.54234914e-03 -1.47721913e-03 2.25624115e-04 -1.16837111e-04 1.08474674e-04 
1.79994136e-04 -1.41376046e-03 -1.03988453e-03 -6.00316394e-04 -7.67342880e-04 4.40149907e-04 -8.71917347e-04 -6.05751549e-04 -2.11348437e-03 -1.13013946e-03 -1.12742188e-03 -2.11348437e-03 -6.05751549e-04 -8.71917347e-04 4.40149907e-04 -7.67342880e-04 -6.00316394e-04 -1.03988453e-03 -1.41376046e-03 1.79994136e-04 
2.54129193e-04 -1.00489795e-03 -1.19048665e-03 -1.91883964e-03 -2.62491473e-04 -4.49165187e-04 3.71672149e-04 -1.94962399e-04 -4.12843122e-04 -1.19865007e-03 -1.19648005e-03 -4.12843122e-04 -1.94962399e-04 3.71672149e-04 -4.49165187e-04 -2.62491473e-04 -1.91883964e-03 -1.19048665e-03 -1.00489795e-03 2.54129193e-04 
-4.65153501e-04 -7.73288745e-04 -3.52667790e-04 -2.06054007e-03 -9.96515661e-05 -8.36325697e-04 7.41896844e-04 -6.26730387e-04 -1.93278042e-03 -1.52809749e-03 -1.52636066e-03 -1.93278042e-03 -6.26730387e-04 7.41896844e-04 -8.36325697e-04 -9.96515661e-05 -2.06054007e-03 -3.52667790e-04 -7.73288745e-04 -4.65153501e-04 
-1.11534383e-03 -8.89516015e-04 -6.81669570e-04 -2.48521100e-03 6.77439088e-04 -2.02042291e-03 2.20126400e-04 2.76090887e-04 -1.83778069e-03 -8.07438136e-04 -8.05013681e-04 -1.83778069e-03 2.76090887e-04 2.20126400e-04 -2.02042291e-03 6.77439088e-04 -2.48521100e-03 -6.81669570e-04 -8.89516015e-04 -1.11534383e-03 
-1.31779073e-03 -3.60043144e-04 -7.86824180e-04 -3.09089238e-03 8.61015110e-04 -1.26005418e-03 -7.85725387e-04 -6.43082129e-04 -1.75406134e-03 -1.47097241e-03 -1.46837527e-03 -1.75406134e-03 -6.43082129e-04 -7.85725387e-04 -1.26005418e-03 8.61015110e-04 -3.09089238e-03 -7.86824180e-04 -3.60043144e-04 -1.31779073e-03 
-1.28367312e-03 -5.53982620e-04 3.74153754e-05 -2.18904447e-03 -1.68788619e-04 -9.49746119e-04 -7.30848849e-04 -4.93825383e-04 -6.79680624e-04 -1.38210774e-03 -1.37973701e-03 -6.79680624e-04 -4.93825383e-04 -7.30848849e-04 -9.49746119e-04 -1.68788619e-04 -2.18904447e-03 3.74153754e-05 -5.53982620e-04 -1.28367312e-03 
-1.74828456e-03 -1.60057898e-03 -4.76717355e-04 -2.89197703e-03 5.13701276e-04 -9.37320387e-04 7.44930837e-04 2.51797410e-04 -1.05723348e-03 -8.88817862e-04 -8.86668707e-04 -1.05723348e-03 2.51797410e-04 7.44930837e-04 -9.37320387e-04 5.13701276e-04 -2.89197703e-03 -4.76717355e-04 -1.60057898e-03 -1.74828456e-03 
-1.86251019e-03 -5.20957341e-04 -1.68464127e-03 -3.12768857e-03 -7.37424098e-04 -1.31098130e-03 -9.73793623e-04 -2.37439512e-04 -1.76072588e-03 -1.12137361e-03 -1.11847515e-03 -1.76072588e-03 -2.37439512e-04 -9.73793623e-04 -1.31098130e-03 -7.37424098e-04 -3.12768857e-03 -1.68464127e-03 -5.20957341e-04 -1.86251019e-03 
-1.56188001e-03 5.91266277e-04 -6.58938450e-04 -2.14402839e-03 1.23424406e-06 -1.10878472e-03 7.37615626e-04 2.33539349e-04 -1.11361047e-03 -1.02259007e-03 -1.02048776e-03 -1.11361047e-03 2.33539349e-04 7.37615626e-04 -1.10878472e-03 1.23424406e-06 -2.14402839e-03 -6.58938450e-04 5.91266277e-04 -1.56188001e-03 
-1.74527783e-03 -3.42211011e-04 -3.74867949e-04 -6.49592666e-04 -3.61824078e-04 4.48975379e-04 -1.65598889e-04 -1.91781152e-04 6.30941963e-05 -8.10027694e-05 -7.90178325e-05 6.30941963e-05 -1.91781152e-04 -1.65598889e-04 4.48975379e-04 -3.61824078e-04 -6.49592666e-04 -3.74867949e-04 -3.42211011e-04 -1.74527783e-03 
2.47049389e-05 5.40304995e-04 -1.09298172e-03 -5.30211433e-04 1.55631153e-03 8.19072167e-04 -6.44373672e-04 -3.13854822e-04 -5.92715493e-04 -1.98056351e-04 -1.95064384e-04 -5.92715493e-04 -3.13854822e-04 -6.44373672e-04 8.19072167e-04 1.55631153e-03 -5.30211433e-04 -1.09298172e-03 5.40304995e-04 2.47049389e-05 
-8.08251075e-04 3.20170991e-04 -2.06949397e-03 -1.04938192e-03 9.25079213e-04 -7.65195299e-04 -6.33345655e-04 1.54098711e-04 -7.87440012e-04 -1.06751067e-03 -1.06473586e-03 -7.87440012e-04 1.54098711e-04 -6.33345655e-04 -7.65195299e-04 9.25079213e-04 -1.04938192e-03 -2.06949397e-03 3.20170991e-04 -8.08251075e-04 
6.11018436e-04 1.45764390e-04 -4.62007735e-04 -8.78489943e-04 7.87896412e-04 -8.93103747e-05 -6.54761722e-04 -4.23667397e-04 -2.04237997e-03 -6.50186502e-04 -6.46983849e-04 -2.04237997e-03 -4.23667397e-04 -6.54761722e-04 -8.93103747e-05 7.87896412e-04 -8.78489943e-04 -4.62007735e-04 1.45764390e-04 6.11018436e-04 
-1.02738887e-03 2.45657252e-04 -5.87589550e-04 3.72097554e-05 5.65774668e-04 -3.06038316e-04 -1.16209892e-03 3.54444020e-05 -2.24077511e-03 -7.95041206e-04 -7.92596871e-04 -2.24077511e-03 3.54444020e-05 -1.16209892e-03 -3.06038316e-04 5.65774668e-04 3.72097554e-05 -5.87589550e-04 2.45657252e-04 -1.02738887e-03 
-1.68964443e-04 -7.92078690e-04 -1.85535440e-04 -6.15485614e-04 -3.39959211e-04 5.11789998e-04 4.92621387e-04 -8.44523624e-05 -1.13124668e-03 -1.42070167e-03 -1.41855192e-03 -1.13124668e-03 -8.44523624e-05 4.92621387e-04 5.11789998e-04 -3.39959211e-04 -6.15485614e-04 -1.85535440e-04 -7.92078690e-04 -1.68964443e-04 
-3.96360291e-04 -5.19378854e-04 -3.98753303e-04 -8.93575087e-04 1.00022833e-03 -1.14156207e-03 1.06049679e-03 1.57134611e-04 -1.55927568e-03 -1.07668485e-03 -1.07429184e-03 -1.55927568e-03 1.57134611e-04 1.06049679e-03 -1.14156207e-03 1.00022833e-03 -8.93575087e-04 -3.98753303e-04 -5.19378854e-04 -3.96360291e-04 
-9.46585966e-04 -1.72790927e-04 -1.09616178e-03 -1.07277508e-04 2.44802304e-04 -5.71133562e-04 3.01896328e-04 2.28402024e-04 -1.88609400e-03 -1.24779860e-03 -1.24595686e-03 -1.88609400e-03 2.28402024e-04 3.01896328e-04 -5.71133562e-04 2.44802304e-04 -1.07277508e-04 -1.09616178e-03 -1.72790927e-04 -9.46585966e-04 
-1.06105208e-03 3.17713084e-04 -1.54164328e-03 2.16387535e-04 -2.40599453e-05 -9.46925233e-04 1.33634720e-04 -1.45390239e-04 -1.48423270e-03 -2.91971414e-03 -2.91658976e-03 -1.48423270e-03 -1.45390239e-04 1.33634720e-04 -9.46925233e-04 -2.40599453e-05 2.16387535e-04 -1.54164328e-03 3.17713084e-04 -1.06105208e-03 
-1.36599232e-03 -1.20752688e-03 7.88345323e-05 -2.36593277e-04 -7.94591237e-05 1.10914120e-04 5.78236846e-04 -2.20489066e-04 -1.06873006e-03 -9.37362642e-04 -9.35301303e-04 -1.06873006e-03 -2.20489066e-04 5.78236846e-04 1.10914120e-04 -7.94591237e-05 -2.36593277e-04 7.88345323e-05 -1.20752688e-03 -1.36599232e-03 
-1.41211824e-03 -6.75306369e-04 1.18755482e-04 6.21855350e-05 1.84973347e-04 -4.99731274e-04 4.81381170e-04 -5.36240353e-04 2.09369402e-04 -7.09605353e-04 -7.06970239e-04 2.09369402e-04 -5.36240353e-04 4.81381170e-04 -4.99731274e-04 1.84973347e-04 6.21855350e-05 1.18755482e-04 -6.75306369e-04 -1.41211824e-03 
-1.45149558e-03 -6.71803641e-04 1.51973392e-04 2.75844478e-05 1.92819406e-04 4.56909290e-04 1.05971401e-03 4.60400762e-04 -5.73243176e-04 -1.24525941e-04 -1.22506777e-04 -5.73243176e-04 4.60400762e-04 1.05971401e-03 4.56909290e-04 1.92819406e-04 2.75844478e-05 1.51973392e-04 -6.71803641e-04 -1.45149558e-03 
-5.75603013e-04 7.72185833e-05 -4.02186217e-04 -1.14269467e-03 -4.41657795e-04 3.09134923e-04 3.03347424e-04 2.04710115e-04 -1.05613200e-03 -9.31888133e-04 -9.29806299e-04 -1.05613200e-03 2.04710115e-04 3.03347424e-04 3.09134923e-04 -4.41657795e-04 -1.14269467e-03 -4.02186217e-04 7.72185833e-05 -5.75603013e-04 
-1.18920318e-03 7.66771186e-04 8.04193482e-04 -3.75185826e-04 5.48790436e-04 -1.23698108e-04 2.56294806e-04 -4.14957319e-04 -5.99678386e-04 -4.81723969e-04 -4.79498414e-04 -5.99678386e-04 -4.14957319e-04 2.56294806e-04 -1.23698108e-04 5.48790436e-04 -3.75185826e-04 8.04193482e-04 7.66771186e-04 -1.18920318e-03 
-1.11288270e-03 -7.57290101e-04 -6.34489076e-04 -3.93619557e-04 8.54911926e-04 -3.50537205e-04 1.12144319e-03 -1.90079919e-04 -2.91951732e-04 -7.42806924e-04 -7.41256612e-04 -2.91951732e-04 -1.90079919e-04 1.12144319e-03 -3.50537205e-04 8.54911926e-04 -3.93619557e-04 -6.34489076e-04 -7.57290101e-04 -1.11288270e-03 
-9.33867282e-04 -6.80596271e-04 5.69489929e-08 1.22049123e-03 4.97834848e-04 -1.37070020e-03 7.94724531e-04 -4.32333330e-04 -4.36735585e-04 -3.38633961e-04 -3.36937679e-04 -4.36735585e-04 -4.32333330e-04 7.94724531e-04 -1.37070020e-03 4.97834848e-04 1.22049123e-03 5.69489929e-08 -6.80596271e-04 -9.33867282e-04 
-1.20090798e-03 -1.37459754e-03 -6.01870894e-04 6.23552178e-04 5.89446009e-04 -1.08759393e-03 2.00803609e-04 -1.09515086e-03 -7.19903030e-04 -7.17424036e-04 -7.15744717e-04 -7.19903030e-04 -1.09515086e-03 2.00803609e-04 -1.08759393e-03 5.89446009e-04 6.23552178e-04 -6.01870894e-04 -1.37459754e-03 -1.20090798e-03 
