5.00050000e-01 1.50000000e+00 2.50000000e+00 3.50000000e+00 4.50000000e+00 5.50000000e+00 6.50000000e+00 7.50000000e+00 8.50000000e+00 9.50000000e+00 1.05000000e+01 1.15000000e+01 1.25000000e+01 1.35000000e+01 1.45000000e+01 1.55000000e+01 1.65000000e+01 1.75000000e+01 1.85000000e+01 1.95000000e+01 2.05000000e+01 2.15000000e+01 2.25000000e+01 2.35000000e+01 2.45000000e+01 2.55000000e+01 2.65000000e+01 2.75000000e+01 2.85000000e+01 2.95000000e+01 3.05000000e+01 3.15000000e+01 3.25000000e+01 3.35000000e+01 3.45000000e+01 3.55000000e+01 3.65000000e+01 3.75000000e+01 3.85000000e+01 3.95000000e+01 4.05000000e+01 4.15000000e+01 4.25000000e+01 4.35000000e+01 4.45000000e+01 4.55000000e+01 4.65000000e+01 4.75000000e+01 4.85000000e+01 4.95000000e+01 5.05000000e+01 5.15000000e+01 5.25000000e+01 5.35000000e+01 5.45000000e+01 5.55000000e+01 5.65000000e+01 5.75000000e+01 5.85000000e+01 5.95000000e+01 6.05000000e+01 6.15000000e+01 6.25000000e+01 6.35000000e+01 6.45000000e+01 6.55000000e+01 6.65000000e+01 6.75000000e+01 6.85000000e+01 6.95000000e+01 7.05000000e+01 7.15000000e+01 7.25000000e+01 7.35000000e+01 7.45000000e+01 7.55000000e+01 7.65000000e+01 7.75000000e+01 7.85000000e+01 7.95000000e+01 8.05000000e+01 8.15000000e+01 8.25000000e+01 8.35000000e+01 8.45000000e+01 8.55000000e+01 8.65000000e+01 8.75000000e+01 8.85000000e+01 8.95000000e+01 9.05000000e+01 9.15000000e+01 9.25000000e+01 9.35000000e+01 9.45000000e+01 9.55000000e+01 9.65000000e+01 9.75000000e+01 9.85000000e+01 9.95000000e+01 1.00500000e+02 1.01500000e+02 1.02500000e+02 1.03500000e+02 1.04500000e+02 1.05500000e+02 1.06500000e+02 1.07500000e+02 1.08500000e+02 1.09500000e+02 1.10500000e+02 1.11500000e+02 1.12500000e+02 1.13500000e+02 1.14500000e+02 1.15500000e+02 1.16500000e+02 1.17500000e+02 1.18500000e+02 1.19500000e+02 1.20500000e+02 1.21500000e+02 1.22500000e+02 1.23500000e+02 1.24500000e+02 1.25500000e+02 1.26500000e+02 1.27500000e+02 1.28500000e+02 1.29500000e+02 1.30500000e+02 1.31500000e+02 1.32500000e+02 1.33500000e+02 1.34500000e+02 1.35500000e+02 1.36500000e+02 1.37500000e+02 1.38500000e+02 1.39500000e+02 1.40500000e+02 1.41500000e+02 1.42500000e+02 1.43500000e+02 1.44500000e+02 1.45500000e+02 1.46500000e+02 1.47500000e+02 1.48500000e+02 1.49500000e+02 1.50500000e+02 1.51500000e+02 1.52500000e+02 1.53500000e+02 1.54500000e+02 1.55500000e+02 1.56500000e+02 1.57500000e+02 1.58500000e+02 1.59500000e+02 1.60500000e+02 1.61500000e+02 1.62500000e+02 1.63500000e+02 1.64500000e+02 1.65500000e+02 1.66500000e+02 1.67500000e+02 1.68500000e+02 1.69500000e+02 1.70500000e+02 1.71500000e+02 1.72500000e+02 1.73500000e+02 1.74500000e+02 1.75500000e+02 1.76500000e+02 1.77500000e+02 1.78500000e+02 1.79500000e+02 1.80500000e+02 1.81500000e+02 1.82500000e+02 1.83500000e+02 1.84500000e+02 1.85500000e+02 1.86500000e+02 1.87500000e+02 1.88500000e+02 1.89500000e+02 1.90500000e+02 1.91500000e+02 1.92500000e+02 1.93500000e+02 1.94500000e+02 1.95500000e+02 1.96500000e+02 1.97500000e+02 1.98500000e+02 1.99500000e+02 
2.50000000e-02 7.50000000e-02 1.25000000e-01 1.75000000e-01 2.25000000e-01 2.75000000e-01 3.25000000e-01 3.75000000e-01 4.25000000e-01 4.75000000e-01 5.25000000e-01 5.75000000e-01 6.25000000e-01 6.75000000e-01 7.25000000e-01 7.75000000e-01 8.25000000e-01 8.75000000e-01 9.25000000e-01 9.75000000e-01 
1.54637937e+01 1.54447120e+01 1.54405206e+01 1.54361187e+01 1.54354409e+01 1.54357924e+01 1.54369190e+01 1.54461771e+01 1.54425920e+01 1.54439530e+01 1.54580686e+01 1.54425920e+01 1.54461771e+01 1.54369190e+01 1.54357924e+01 1.54354409e+01 1.54361187e+01 1.54405206e+01 1.54447120e+01 1.54637937e+01 
4.39044334e+00 4.38317408e+00 4.38206219e+00 4.38308788e+00 4.38291860e+00 4.38167632e+00 4.38425132e+00 4.38523805e+00 4.38702061e+00 4.38995793e+00 4.39144611e+00 4.38702061e+00 4.38523805e+00 4.38425132e+00 4.38167632e+00 4.38291860e+00 4.38308788e+00 4.38206219e+00 4.38317408e+00 4.39044334e+00 
1.89772222e+00 1.89323364e+00 1.89208613e+00 1.89119779e+00 1.89176089e+00 1.89322125e+00 1.89451635e+00 1.89602974e+00 1.89729284e+00 1.89791132e+00 1.89838553e+00 1.89729284e+00 1.89602974e+00 1.89451635e+00 1.89322125e+00 1.89176089e+00 1.89119779e+00 1.89208613e+00 1.89323364e+00 1.89772222e+00 
1.12250422e+00 1.11924036e+00 1.11763046e+00 1.11689223e+00 1.11621558e+00 1.11669330e+00 1.11861634e+00 1.12027679e+00 1.12180107e+00 1.12277792e+00 1.12302467e+00 1.12180107e+00 1.12027679e+00 1.11861634e+00 1.11669330e+00 1.11621558e+00 1.11689223e+00 1.11763046e+00 1.11924036e+00 1.12250422e+00 
7.72732526e-01 7.71432593e-01 7.70083573e-01 7.68869592e-01 7.67986879e-01 7.68556970e-01 7.70056335e-01 7.70951013e-01 7.72380590e-01 7.73768956e-01 7.73928922e-01 7.72380590e-01 7.70951013e-01 7.70056335e-01 7.68556970e-01 7.67986879e-01 7.68869592e-01 7.70083573e-01 7.71432593e-01 7.72732526e-01 
5.74624212e-01 5.73333622e-01 5.72665044e-01 5.72156915e-01 5.70923922e-01 5.71642914e-01 5.72584248e-01 5.73857380e-01 5.75164336e-01 5.76169009e-01 5.76285847e-01 5.75164336e-01 5.73857380e-01 5.72584248e-01 5.71642914e-01 5.70923922e-01 5.72156915e-01 5.72665044e-01 5.73333622e-01 5.74624212e-01 
4.46870205e-01 4.46005424e-01 4.46164824e-01 4.45548639e-01 4.44750290e-01 4.45153627e-01 4.45981035e-01 4.46969436e-01 4.47236008e-01 4.48060764e-01 4.48152208e-01 4.47236008e-01 4.46969436e-01 4.45981035e-01 4.45153627e-01 4.44750290e-01 4.45548639e-01 4.46164824e-01 4.46005424e-01 4.46870205e-01 
3.58263737e-01 3.57743926e-01 3.58191854e-01 3.57965066e-01 3.57284430e-01 3.56918560e-01 3.57906893e-01 3.58738865e-01 3.59064616e-01 3.59571896e-01 3.59644896e-01 3.59064616e-01 3.58738865e-01 3.57906893e-01 3.56918560e-01 3.57284430e-01 3.57965066e-01 3.58191854e-01 3.57743926e-01 3.58263737e-01 
2.93961524e-01 2.94010292e-01 2.94859598e-01 2.94412775e-01 2.93487471e-01 2.93307205e-01 2.94095075e-01 2.94647115e-01 2.94966791e-01 2.95376434e-01 2.95438529e-01 2.94966791e-01 2.94647115e-01 2.94095075e-01 2.93307205e-01 2.93487471e-01 2.94412775e-01 2.94859598e-01 2.94010292e-01 2.93961524e-01 
2.45368726e-01 2.45757835e-01 2.46313622e-01 2.46072491e-01 2.45613901e-01 2.45204313e-01 2.45749899e-01 2.46211499e-01 2.46584341e-01 2.47238849e-01 2.47292238e-01 2.46584341e-01 2.46211499e-01 2.45749899e-01 2.45204313e-01 2.45613901e-01 2.46072491e-01 2.46313622e-01 2.45757835e-01 2.45368726e-01 
2.07506895e-01 2.08675206e-01 2.08770574e-01 2.08750724e-01 2.08765308e-01 2.07998066e-01 2.08073605e-01 2.08389072e-01 2.08721163e-01 2.09128615e-01 2.09175044e-01 2.08721163e-01 2.08389072e-01 2.08073605e-01 2.07998066e-01 2.08765308e-01 2.08750724e-01 2.08770574e-01 2.08675206e-01 2.07506895e-01 
1.78073591e-01 1.78707422e-01 1.78886301e-01 1.78752563e-01 1.79015818e-01 1.78360433e-01 1.78144957e-01 1.78641876e-01 1.78886995e-01 1.78873416e-01 1.78914226e-01 1.78886995e-01 1.78641876e-01 1.78144957e-01 1.78360433e-01 1.79015818e-01 1.78752563e-01 1.78886301e-01 1.78707422e-01 1.78073591e-01 
1.54062930e-01 1.54427793e-01 1.54425848e-01 1.54421649e-01 1.54574464e-01 1.54170161e-01 1.54017787e-01 1.54866750e-01 1.55062688e-01 1.54664156e-01 1.54701485e-01 1.55062688e-01 1.54866750e-01 1.54017787e-01 1.54170161e-01 1.54574464e-01 1.54421649e-01 1.54425848e-01 1.54427793e-01 1.54062930e-01 
1.34136115e-01 1.34674235e-01 1.34300281e-01 1.34452030e-01 1.34678563e-01 1.34347295e-01 1.34468486e-01 1.34861420e-01 1.34991921e-01 1.35045153e-01 1.35079462e-01 1.34991921e-01 1.34861420e-01 1.34468486e-01 1.34347295e-01 1.34678563e-01 1.34452030e-01 1.34300281e-01 1.34674235e-01 1.34136115e-01 
1.17320025e-01 1.18083760e-01 1.17998239e-01 1.18029638e-01 1.18231615e-01 1.17993385e-01 1.18025789e-01 1.18254562e-01 1.18304400e-01 1.18702055e-01 1.18733350e-01 1.18304400e-01 1.18254562e-01 1.18025789e-01 1.17993385e-01 1.18231615e-01 1.18029638e-01 1.17998239e-01 1.18083760e-01 1.17320025e-01 
1.03175505e-01 1.04173104e-01 1.04384671e-01 1.04010838e-01 1.04314672e-01 1.04363484e-01 1.04294987e-01 1.04540212e-01 1.04641551e-01 1.05056440e-01 1.05085342e-01 1.04641551e-01 1.04540212e-01 1.04294987e-01 1.04363484e-01 1.04314672e-01 1.04010838e-01 1.04384671e-01 1.04173104e-01 1.03175505e-01 
9.15398668e-02 9.25754736e-02 9.26104789e-02 9.22514307e-02 9.24114408e-02 9.26472905e-02 9.27638369e-02 9.31206294e-02 9.31782322e-02 9.33492604e-02 9.33763912e-02 9.31782322e-02 9.31206294e-02 9.27638369e-02 9.26472905e-02 9.24114408e-02 9.22514307e-02 9.26104789e-02 9.25754736e-02 9.15398668e-02 
8.20000850e-02 8.26130675e-02 8.25299835e-02 8.25295528e-02 8.25833840e-02 8.24849857e-02 8.25866644e-02 8.29834409e-02 8.31641470e-02 8.34428460e-02 8.34680385e-02 8.31641470e-02 8.29834409e-02 8.25866644e-02 8.24849857e-02 8.25833840e-02 8.25295528e-02 8.25299835e-02 8.26130675e-02 8.20000850e-02 
7.40090188e-02 7.41408147e-02 7.40769474e-02 7.40313831e-02 7.42964549e-02 7.40812573e-02 7.41048261e-02 7.44390674e-02 7.44026618e-02 7.47288420e-02 7.47523738e-02 7.44026618e-02 7.44390674e-02 7.41048261e-02 7.40812573e-02 7.42964549e-02 7.40313831e-02 7.40769474e-02 7.41408147e-02 7.40090188e-02 
6.67469409e-02 6.69195757e-02 6.68055307e-02 6.65819231e-02 6.68288772e-02 6.65205892e-02 6.67639176e-02 6.68799126e-02 6.67023557e-02 6.70204303e-02 6.70427319e-02 6.67023557e-02 6.68799126e-02 6.67639176e-02 6.65205892e-02 6.68288772e-02 6.65819231e-02 6.68055307e-02 6.69195757e-02 6.67469409e-02 
6.00759961e-02 6.06808444e-02 6.04986515e-02 6.02875667e-02 6.03189408e-02 5.98342738e-02 6.00507219e-02 6.01434774e-02 6.02092612e-02 6.03357074e-02 6.03567520e-02 6.02092612e-02 6.01434774e-02 6.00507219e-02 5.98342738e-02 6.03189408e-02 6.02875667e-02 6.04986515e-02 6.06808444e-02 6.00759961e-02 
5.42864982e-02 5.48256132e-02 5.48149485e-02 5.46307818e-02 5.45368931e-02 5.41076850e-02 5.41251610e-02 5.41640419e-02 5.43071346e-02 5.45066427e-02 5.45265579e-02 5.43071346e-02 5.41640419e-02 5.41251610e-02 5.41076850e-02 5.45368931e-02 5.46307818e-02 5.48149485e-02 5.48256132e-02 5.42864982e-02 
4.90792432e-02 4.97721929e-02 4.96994915e-02 4.96703736e-02 4.93194275e-02 4.89249907e-02 4.89860873e-02 4.88976468e-02 4.91136582e-02 4.94097271e-02 4.94287543e-02 4.91136582e-02 4.88976468e-02 4.89860873e-02 4.89249907e-02 4.93194275e-02 4.96703736e-02 4.96994915e-02 4.97721929e-02 4.90792432e-02 
4.44485187e-02 4.51555852e-02 4.52312862e-02 4.51649445e-02 4.48218348e-02 4.43803629e-02 4.45425666e-02 4.45528170e-02 4.45788356e-02 4.47630986e-02 4.47811075e-02 4.45788356e-02 4.45528170e-02 4.45425666e-02 4.43803629e-02 4.48218348e-02 4.51649445e-02 4.52312862e-02 4.51555852e-02 4.44485187e-02 
4.05793654e-02 4.12096775e-02 4.15047592e-02 4.12144308e-02 4.10087308e-02 4.05497964e-02 4.06028265e-02 4.05564448e-02 4.07125143e-02 4.08117669e-02 4.08288623e-02 4.07125143e-02 4.05564448e-02 4.06028265e-02 4.05497964e-02 4.10087308e-02 4.12144308e-02 4.15047592e-02 4.12096775e-02 4.05793654e-02 
3.69756248e-02 3.76113325e-02 3.79750626e-02 3.77000046e-02 3.75712782e-02 3.71258591e-02 3.70178858e-02 3.69690831e-02 3.72648955e-02 3.72474401e-02 3.72638318e-02 3.72648955e-02 3.69690831e-02 3.70178858e-02 3.71258591e-02 3.75712782e-02 3.77000046e-02 3.79750626e-02 3.76113325e-02 3.69756248e-02 
3.36607409e-02 3.44107258e-02 3.44108059e-02 3.45338986e-02 3.42323971e-02 3.38726429e-02 3.39572224e-02 3.37591361e-02 3.40011513e-02 3.40006258e-02 3.40166208e-02 3.40011513e-02 3.37591361e-02 3.39572224e-02 3.38726429e-02 3.42323971e-02 3.45338986e-02 3.44108059e-02 3.44107258e-02 3.36607409e-02 
3.09636871e-02 3.15279629e-02 3.15223429e-02 3.16917801e-02 3.12457266e-02 3.08794139e-02 3.10646552e-02 3.09328106e-02 3.10687080e-02 3.11520027e-02 3.11671313e-02 3.10687080e-02 3.09328106e-02 3.10646552e-02 3.08794139e-02 3.12457266e-02 3.16917801e-02 3.15223429e-02 3.15279629e-02 3.09636871e-02 
2.85439758e-02 2.90534129e-02 2.88200634e-02 2.89432158e-02 2.86224063e-02 2.83378706e-02 2.83727376e-02 2.83764709e-02 2.85684232e-02 2.86330051e-02 2.86477827e-02 2.85684232e-02 2.83764709e-02 2.83727376e-02 2.83378706e-02 2.86224063e-02 2.89432158e-02 2.88200634e-02 2.90534129e-02 2.85439758e-02 
2.65202001e-02 2.67075966e-02 2.63789317e-02 2.65369897e-02 2.64163856e-02 2.61589826e-02 2.59677373e-02 2.61575509e-02 2.63504501e-02 2.63621469e-02 2.63763353e-02 2.63504501e-02 2.61575509e-02 2.59677373e-02 2.61589826e-02 2.64163856e-02 2.65369897e-02 2.63789317e-02 2.67075966e-02 2.65202001e-02 
2.46132042e-02 2.45081532e-02 2.43437776e-02 2.45980720e-02 2.44377120e-02 2.41879100e-02 2.39072552e-02 2.41346996e-02 2.43520364e-02 2.44003415e-02 2.44140946e-02 2.43520364e-02 2.41346996e-02 2.39072552e-02 2.41879100e-02 2.44377120e-02 2.45980720e-02 2.43437776e-02 2.45081532e-02 2.46132042e-02 
2.25274760e-02 2.25854274e-02 2.24441456e-02 2.28035448e-02 2.27257302e-02 2.23401045e-02 2.20111065e-02 2.22537491e-02 2.22988211e-02 2.23877485e-02 2.24010458e-02 2.22988211e-02 2.22537491e-02 2.20111065e-02 2.23401045e-02 2.27257302e-02 2.28035448e-02 2.24441456e-02 2.25854274e-02 2.25274760e-02 
2.08198597e-02 2.07757936e-02 2.08418254e-02 2.10985768e-02 2.11061927e-02 2.07094728e-02 2.02944771e-02 2.04487980e-02 2.05454162e-02 2.06688472e-02 2.06817037e-02 2.05454162e-02 2.04487980e-02 2.02944771e-02 2.07094728e-02 2.11061927e-02 2.10985768e-02 2.08418254e-02 2.07757936e-02 2.08198597e-02 
1.92441141e-02 1.91943387e-02 1.91847018e-02 1.95590628e-02 1.94893633e-02 1.92418025e-02 1.87313021e-02 1.88514743e-02 1.90495374e-02 1.91289827e-02 1.91412954e-02 1.90495374e-02 1.88514743e-02 1.87313021e-02 1.92418025e-02 1.94893633e-02 1.95590628e-02 1.91847018e-02 1.91943387e-02 1.92441141e-02 
1.76092530e-02 1.76786905e-02 1.76240496e-02 1.81843896e-02 1.80145503e-02 1.78636819e-02 1.72267212e-02 1.74877339e-02 1.76693877e-02 1.77745624e-02 1.77865471e-02 1.76693877e-02 1.74877339e-02 1.72267212e-02 1.78636819e-02 1.80145503e-02 1.81843896e-02 1.76240496e-02 1.76786905e-02 1.76092530e-02 
1.63475924e-02 1.63351978e-02 1.63045674e-02 1.69006171e-02 1.66696634e-02 1.66052445e-02 1.60176971e-02 1.62347701e-02 1.63588750e-02 1.64312867e-02 1.64429738e-02 1.63588750e-02 1.62347701e-02 1.60176971e-02 1.66052445e-02 1.66696634e-02 1.69006171e-02 1.63045674e-02 1.63351978e-02 1.63475924e-02 
1.52562949e-02 1.51103286e-02 1.51893157e-02 1.54832635e-02 1.54755001e-02 1.54896350e-02 1.50497983e-02 1.52275456e-02 1.53460319e-02 1.52793019e-02 1.52906094e-02 1.53460319e-02 1.52275456e-02 1.50497983e-02 1.54896350e-02 1.54755001e-02 1.54832635e-02 1.51893157e-02 1.51103286e-02 1.52562949e-02 
1.42241012e-02 1.40114644e-02 1.39918939e-02 1.42673310e-02 1.42623905e-02 1.43285074e-02 1.39787970e-02 1.41541312e-02 1.43473042e-02 1.43655603e-02 1.43766158e-02 1.43473042e-02 1.41541312e-02 1.39787970e-02 1.43285074e-02 1.42623905e-02 1.42673310e-02 1.39918939e-02 1.40114644e-02 1.42241012e-02 
1.32943215e-02 1.30190998e-02 1.29499809e-02 1.32486736e-02 1.33204689e-02 1.33490143e-02 1.30894535e-02 1.31916385e-02 1.33600626e-02 1.34155675e-02 1.34263018e-02 1.33600626e-02 1.31916385e-02 1.30894535e-02 1.33490143e-02 1.33204689e-02 1.32486736e-02 1.29499809e-02 1.30190998e-02 1.32943215e-02 
1.25179484e-02 1.21607728e-02 1.20271999e-02 1.23519804e-02 1.25243653e-02 1.25317273e-02 1.22089179e-02 1.22361279e-02 1.23392080e-02 1.25762801e-02 1.25866149e-02 1.23392080e-02 1.22361279e-02 1.22089179e-02 1.25317273e-02 1.25243653e-02 1.23519804e-02 1.20271999e-02 1.21607728e-02 1.25179484e-02 
1.17008524e-02 1.14069274e-02 1.11125892e-02 1.14861735e-02 1.16516173e-02 1.18094145e-02 1.14231817e-02 1.13086517e-02 1.14035986e-02 1.17766867e-02 1.17867890e-02 1.14035986e-02 1.13086517e-02 1.14231817e-02 1.18094145e-02 1.16516173e-02 1.14861735e-02 1.11125892e-02 1.14069274e-02 1.17008524e-02 
1.09008224e-02 1.05057370e-02 1.01900206e-02 1.06311587e-02 1.08487421e-02 1.10746973e-02 1.06814445e-02 1.05127495e-02 1.06439208e-02 1.09758299e-02 1.09856895e-02 1.06439208e-02 1.05127495e-02 1.06814445e-02 1.10746973e-02 1.08487421e-02 1.06311587e-02 1.01900206e-02 1.05057370e-02 1.09008224e-02 
1.02589576e-02 9.71447378e-03 9.45045045e-03 9.88500349e-03 1.02023420e-02 1.03474837e-02 1.00481488e-02 9.72735019e-03 9.90427544e-03 1.02533246e-02 1.02629965e-02 9.90427544e-03 9.72735019e-03 1.00481488e-02 1.03474837e-02 1.02023420e-02 9.88500349e-03 9.45045045e-03 9.71447378e-03 1.02589576e-02 
9.67340835e-03 9.06348197e-03 8.88671803e-03 9.15722914e-03 9.55225653e-03 9.64586786e-03 9.38628475e-03 9.03683199e-03 9.19109995e-03 9.69580292e-03 9.70522200e-03 9.19109995e-03 9.03683199e-03 9.38628475e-03 9.64586786e-03 9.55225653e-03 9.15722914e-03 8.88671803e-03 9.06348197e-03 9.67340835e-03 
9.15625634e-03 8.58390631e-03 8.18721465e-03 8.47759188e-03 8.89419493e-03 8.95649463e-03 8.72977989e-03 8.31994773e-03 8.67905810e-03 9.21323936e-03 9.22247069e-03 8.67905810e-03 8.31994773e-03 8.72977989e-03 8.95649463e-03 8.89419493e-03 8.47759188e-03 8.18721465e-03 8.58390631e-03 9.15625634e-03 
8.63649943e-03 8.20266963e-03 7.60973204e-03 7.80274214e-03 8.08178195e-03 8.30580111e-03 8.14605388e-03 7.71360256e-03 8.15903517e-03 8.62309116e-03 8.63208293e-03 8.15903517e-03 7.71360256e-03 8.14605388e-03 8.30580111e-03 8.08178195e-03 7.80274214e-03 7.60973204e-03 8.20266963e-03 8.63649943e-03 
8.20856307e-03 7.88485123e-03 7.00002008e-03 7.28216594e-03 7.54874693e-03 7.85614411e-03 7.61749519e-03 7.29762713e-03 7.55756136e-03 7.95949617e-03 7.96833984e-03 7.55756136e-03 7.29762713e-03 7.61749519e-03 7.85614411e-03 7.54874693e-03 7.28216594e-03 7.00002008e-03 7.88485123e-03 8.20856307e-03 
7.90936694e-03 7.44050062e-03 6.43553405e-03 6.80329145e-03 7.10657907e-03 7.29197174e-03 7.13741564e-03 6.84130155e-03 6.93785815e-03 7.36315789e-03 7.37175624e-03 6.93785815e-03 6.84130155e-03 7.13741564e-03 7.29197174e-03 7.10657907e-03 6.80329145e-03 6.43553405e-03 7.44050062e-03 7.90936694e-03 
7.67453180e-03 6.96570200e-03 5.98307817e-03 6.35223259e-03 6.72088698e-03 6.77839059e-03 6.70693946e-03 6.36922324e-03 6.47266288e-03 6.83999883e-03 6.84845078e-03 6.47266288e-03 6.36922324e-03 6.70693946e-03 6.77839059e-03 6.72088698e-03 6.35223259e-03 5.98307817e-03 6.96570200e-03 7.67453180e-03 
7.26780023e-03 6.52957558e-03 5.67771648e-03 5.90409026e-03 6.18725018e-03 6.33543985e-03 6.31624270e-03 6.04144601e-03 5.98981136e-03 6.46524729e-03 6.47349774e-03 5.98981136e-03 6.04144601e-03 6.31624270e-03 6.33543985e-03 6.18725018e-03 5.90409026e-03 5.67771648e-03 6.52957558e-03 7.26780023e-03 
6.83304075e-03 6.15810567e-03 5.37884998e-03 5.48720491e-03 5.74950839e-03 5.91745857e-03 5.87074077e-03 5.62246283e-03 5.67892410e-03 5.99948427e-03 6.00764890e-03 5.67892410e-03 5.62246283e-03 5.87074077e-03 5.91745857e-03 5.74950839e-03 5.48720491e-03 5.37884998e-03 6.15810567e-03 6.83304075e-03 
6.30905022e-03 5.76604734e-03 4.99673275e-03 5.14878789e-03 5.31250918e-03 5.42104986e-03 5.38420316e-03 5.28933961e-03 5.33057538e-03 5.54741853e-03 5.55541498e-03 5.33057538e-03 5.28933961e-03 5.38420316e-03 5.42104986e-03 5.31250918e-03 5.14878789e-03 4.99673275e-03 5.76604734e-03 6.30905022e-03 
5.80981508e-03 5.36298999e-03 4.70625326e-03 4.81678168e-03 4.89344552e-03 4.88702258e-03 4.99746538e-03 4.81361954e-03 5.00984149e-03 5.22168941e-03 5.22948516e-03 5.00984149e-03 4.81361954e-03 4.99746538e-03 4.88702258e-03 4.89344552e-03 4.81678168e-03 4.70625326e-03 5.36298999e-03 5.80981508e-03 
5.57229675e-03 4.92009652e-03 4.45219614e-03 4.33816867e-03 4.52520172e-03 4.44334796e-03 4.58864049e-03 4.39465553e-03 4.60630688e-03 4.76968409e-03 4.77738187e-03 4.60630688e-03 4.39465553e-03 4.58864049e-03 4.44334796e-03 4.52520172e-03 4.33816867e-03 4.45219614e-03 4.92009652e-03 5.57229675e-03 
5.24219878e-03 4.54073408e-03 4.16832915e-03 4.04974769e-03 4.23641107e-03 4.04608332e-03 4.20863774e-03 4.13911422e-03 4.24427548e-03 4.48493100e-03 4.49240192e-03 4.24427548e-03 4.13911422e-03 4.20863774e-03 4.04608332e-03 4.23641107e-03 4.04974769e-03 4.16832915e-03 4.54073408e-03 5.24219878e-03 
4.89090968e-03 4.06285752e-03 3.93085574e-03 3.81133979e-03 3.90095427e-03 3.70740485e-03 3.88380335e-03 3.90481091e-03 3.97021550e-03 4.18873924e-03 4.19610386e-03 3.97021550e-03 3.90481091e-03 3.88380335e-03 3.70740485e-03 3.90095427e-03 3.81133979e-03 3.93085574e-03 4.06285752e-03 4.89090968e-03 
4.57021007e-03 3.72062021e-03 3.77533425e-03 3.64861946e-03 3.60090204e-03 3.40444574e-03 3.74132738e-03 3.65910193e-03 3.77859239e-03 3.93950719e-03 3.94677346e-03 3.77859239e-03 3.65910193e-03 3.74132738e-03 3.40444574e-03 3.60090204e-03 3.64861946e-03 3.77533425e-03 3.72062021e-03 4.57021007e-03 
4.20642854e-03 3.38918022e-03 3.57025025e-03 3.64230425e-03 3.42016954e-03 3.11225747e-03 3.50403886e-03 3.39658323e-03 3.71397642e-03 3.76334810e-03 3.77046335e-03 3.71397642e-03 3.39658323e-03 3.50403886e-03 3.11225747e-03 3.42016954e-03 3.64230425e-03 3.57025025e-03 3.38918022e-03 4.20642854e-03 
3.90569008e-03 3.09847911e-03 3.49427770e-03 3.60000592e-03 3.24270153e-03 2.95761848e-03 3.18246528e-03 3.13102530e-03 3.50593080e-03 3.56972073e-03 3.57673301e-03 3.50593080e-03 3.13102530e-03 3.18246528e-03 2.95761848e-03 3.24270153e-03 3.60000592e-03 3.49427770e-03 3.09847911e-03 3.90569008e-03 
3.61557178e-03 2.82671602e-03 3.34148408e-03 3.42769093e-03 2.95424745e-03 2.87346856e-03 2.95001305e-03 3.08238438e-03 3.32592322e-03 3.37042666e-03 3.37728945e-03 3.32592322e-03 3.08238438e-03 2.95001305e-03 2.87346856e-03 2.95424745e-03 3.42769093e-03 3.34148408e-03 2.82671602e-03 3.61557178e-03 
3.45450839e-03 2.66264171e-03 3.15868912e-03 3.17329389e-03 2.84016350e-03 2.72387661e-03 2.78202406e-03 2.92805743e-03 3.09513433e-03 3.20194363e-03 3.20869426e-03 3.09513433e-03 2.92805743e-03 2.78202406e-03 2.72387661e-03 2.84016350e-03 3.17329389e-03 3.15868912e-03 2.66264171e-03 3.45450839e-03 
3.17191445e-03 2.55859806e-03 3.02117991e-03 2.93941685e-03 2.73790504e-03 2.54816242e-03 2.67883178e-03 2.67478311e-03 2.92640435e-03 2.98263545e-03 2.98929132e-03 2.92640435e-03 2.67478311e-03 2.67883178e-03 2.54816242e-03 2.73790504e-03 2.93941685e-03 3.02117991e-03 2.55859806e-03 3.17191445e-03 
2.91180182e-03 2.46662543e-03 2.95093192e-03 2.68640689e-03 2.52175722e-03 2.44207427e-03 2.59459120e-03 2.55840308e-03 2.83127991e-03 2.76875200e-03 2.77530181e-03 2.83127991e-03 2.55840308e-03 2.59459120e-03 2.44207427e-03 2.52175722e-03 2.68640689e-03 2.95093192e-03 2.46662543e-03 2.91180182e-03 
2.60444766e-03 2.33491169e-03 2.72377436e-03 2.45302554e-03 2.29419944e-03 2.30647319e-03 2.50919662e-03 2.45114287e-03 2.68136289e-03 2.56673237e-03 2.57315992e-03 2.68136289e-03 2.45114287e-03 2.50919662e-03 2.30647319e-03 2.29419944e-03 2.45302554e-03 2.72377436e-03 2.33491169e-03 2.60444766e-03 
2.37626462e-03 2.14641227e-03 2.53358549e-03 2.29393957e-03 2.16223282e-03 2.20221445e-03 2.43338155e-03 2.29903789e-03 2.49796481e-03 2.47468540e-03 2.48101890e-03 2.49796481e-03 2.29903789e-03 2.43338155e-03 2.20221445e-03 2.16223282e-03 2.29393957e-03 2.53358549e-03 2.14641227e-03 2.37626462e-03 
2.17493503e-03 1.97616708e-03 2.35267230e-03 2.19603371e-03 2.03279154e-03 2.09494301e-03 2.24761063e-03 2.16219563e-03 2.30640321e-03 2.34354567e-03 2.34978888e-03 2.30640321e-03 2.16219563e-03 2.24761063e-03 2.09494301e-03 2.03279154e-03 2.19603371e-03 2.35267230e-03 1.97616708e-03 2.17493503e-03 
1.97287613e-03 1.81421542e-03 2.15538179e-03 2.09569425e-03 1.96114104e-03 1.92794244e-03 2.02571175e-03 1.90877495e-03 2.08617860e-03 2.18044940e-03 2.18659804e-03 2.08617860e-03 1.90877495e-03 2.02571175e-03 1.92794244e-03 1.96114104e-03 2.09569425e-03 2.15538179e-03 1.81421542e-03 1.97287613e-03 
1.83025910e-03 1.64855376e-03 1.93150629e-03 1.96597010e-03 1.87132181e-03 1.81499928e-03 1.82364721e-03 1.72284609e-03 1.89252621e-03 2.04425167e-03 2.05030670e-03 1.89252621e-03 1.72284609e-03 1.82364721e-03 1.81499928e-03 1.87132181e-03 1.96597010e-03 1.93150629e-03 1.64855376e-03 1.83025910e-03 
1.90443515e-03 1.48709936e-03 1.75815445e-03 1.84803291e-03 1.80048501e-03 1.74299834e-03 1.68680239e-03 1.56221456e-03 1.69908567e-03 1.91998873e-03 1.92593445e-03 1.69908567e-03 1.56221456e-03 1.68680239e-03 1.74299834e-03 1.80048501e-03 1.84803291e-03 1.75815445e-03 1.48709936e-03 1.90443515e-03 
1.92172534e-03 1.32589636e-03 1.57211417e-03 1.69945643e-03 1.65416192e-03 1.63676151e-03 1.55617490e-03 1.46283294e-03 1.51450072e-03 1.75340314e-03 1.75923799e-03 1.51450072e-03 1.46283294e-03 1.55617490e-03 1.63676151e-03 1.65416192e-03 1.69945643e-03 1.57211417e-03 1.32589636e-03 1.92172534e-03 
1.80968587e-03 1.22129940e-03 1.37534994e-03 1.56047683e-03 1.53560809e-03 1.57362524e-03 1.33087814e-03 1.32968925e-03 1.28379746e-03 1.59039104e-03 1.59619699e-03 1.28379746e-03 1.32968925e-03 1.33087814e-03 1.57362524e-03 1.53560809e-03 1.56047683e-03 1.37534994e-03 1.22129940e-03 1.80968587e-03 
1.65351772e-03 1.24520068e-03 1.20501964e-03 1.35207813e-03 1.40502936e-03 1.50521565e-03 1.08203769e-03 1.16517366e-03 1.11410481e-03 1.45668514e-03 1.46236058e-03 1.11410481e-03 1.16517366e-03 1.08203769e-03 1.50521565e-03 1.40502936e-03 1.35207813e-03 1.20501964e-03 1.24520068e-03 1.65351772e-03 
1.57211496e-03 1.22568456e-03 1.15422436e-03 1.19348071e-03 1.28260333e-03 1.40889504e-03 9.90790711e-04 1.02978580e-03 1.02581639e-03 1.35314344e-03 1.35876404e-03 1.02581639e-03 1.02978580e-03 9.90790711e-04 1.40889504e-03 1.28260333e-03 1.19348071e-03 1.15422436e-03 1.22568456e-03 1.57211496e-03 
1.54012740e-03 1.26782096e-03 1.14420333e-03 1.12820869e-03 1.14343945e-03 1.32729472e-03 9.98938495e-04 8.94637415e-04 9.62302923e-04 1.30249095e-03 1.30807024e-03 9.62302923e-04 8.94637415e-04 9.98938495e-04 1.32729472e-03 1.14343945e-03 1.12820869e-03 1.14420333e-03 1.26782096e-03 1.54012740e-03 
1.45467207e-03 1.35220735e-03 1.14820587e-03 9.74303186e-04 1.03166284e-03 1.28429748e-03 9.99508924e-04 8.22038047e-04 8.97183180e-04 1.34736239e-03 1.35283683e-03 8.97183180e-04 8.22038047e-04 9.99508924e-04 1.28429748e-03 1.03166284e-03 9.74303186e-04 1.14820587e-03 1.35220735e-03 1.45467207e-03 
1.32683678e-03 1.36235981e-03 1.06381571e-03 7.95115905e-04 8.81942428e-04 1.22373064e-03 9.99402743e-04 7.13816300e-04 9.02176328e-04 1.29468171e-03 1.30007351e-03 9.02176328e-04 7.13816300e-04 9.99402743e-04 1.22373064e-03 8.81942428e-04 7.95115905e-04 1.06381571e-03 1.36235981e-03 1.32683678e-03 
1.30166716e-03 1.33022879e-03 9.40448940e-04 5.89081860e-04 8.71348162e-04 1.22899441e-03 9.87172481e-04 6.65339518e-04 9.13035712e-04 1.20600276e-03 1.21135228e-03 9.13035712e-04 6.65339518e-04 9.87172481e-04 1.22899441e-03 8.71348162e-04 5.89081860e-04 9.40448940e-04 1.33022879e-03 1.30166716e-03 
1.30039677e-03 1.28422664e-03 8.34434934e-04 4.30970848e-04 8.16983930e-04 1.21687334e-03 9.32481929e-04 6.27103155e-04 8.53406840e-04 1.08291675e-03 1.08817569e-03 8.53406840e-04 6.27103155e-04 9.32481929e-04 1.21687334e-03 8.16983930e-04 4.30970848e-04 8.34434934e-04 1.28422664e-03 1.30039677e-03 
1.22937841e-03 1.23738017e-03 7.59061512e-04 3.62008220e-04 7.31974854e-04 1.19450916e-03 8.73671249e-04 5.56712496e-04 7.73667726e-04 1.08197666e-03 1.08716223e-03 7.73667726e-04 5.56712496e-04 8.73671249e-04 1.19450916e-03 7.31974854e-04 3.62008220e-04 7.59061512e-04 1.23738017e-03 1.22937841e-03 
1.33586925e-03 1.14303819e-03 6.34966206e-04 3.98068128e-04 7.35249724e-04 1.11720705e-03 8.83333952e-04 5.60905628e-04 6.89215729e-04 1.07353623e-03 1.07871844e-03 6.89215729e-04 5.60905628e-04 8.83333952e-04 1.11720705e-03 7.35249724e-04 3.98068128e-04 6.34966206e-04 1.14303819e-03 1.33586925e-03 
1.43736751e-03 1.04789911e-03 6.30094013e-04 4.77422308e-04 6.78236701e-04 1.14456728e-03 9.26667897e-04 5.90898627e-04 6.02293425e-04 9.70676111e-04 9.75728972e-04 6.02293425e-04 5.90898627e-04 9.26667897e-04 1.14456728e-03 6.78236701e-04 4.77422308e-04 6.30094013e-04 1.04789911e-03 1.43736751e-03 
1.43380723e-03 9.74461832e-04 6.79236819e-04 5.29283421e-04 6.67251564e-04 1.13631008e-03 9.84180363e-04 5.99266673e-04 5.73876794e-04 9.07029627e-04 9.12005958e-04 5.73876794e-04 5.99266673e-04 9.84180363e-04 1.13631008e-03 6.67251564e-04 5.29283421e-04 6.79236819e-04 9.74461832e-04 1.43380723e-03 
1.46959640e-03 8.79978821e-04 6.90577838e-04 5.45486983e-04 6.58144015e-04 1.07034722e-03 9.78037384e-04 5.70877469e-04 5.58641608e-04 8.89858220e-04 8.94799515e-04 5.58641608e-04 5.70877469e-04 9.78037384e-04 1.07034722e-03 6.58144015e-04 5.45486983e-04 6.90577838e-04 8.79978821e-04 1.46959640e-03 
1.45485380e-03 8.52742012e-04 6.64700419e-04 5.30136161e-04 7.21732668e-04 1.07578361e-03 9.43808124e-04 6.00002149e-04 4.94228252e-04 8.55404014e-04 8.60271414e-04 4.94228252e-04 6.00002149e-04 9.43808124e-04 1.07578361e-03 7.21732668e-04 5.30136161e-04 6.64700419e-04 8.52742012e-04 1.45485380e-03 
1.39838337e-03 8.29928091e-04 7.09016929e-04 6.12859714e-04 7.96279272e-04 1.15090614e-03 9.78675951e-04 6.27177095e-04 4.91188964e-04 8.17343259e-04 8.22183122e-04 4.91188964e-04 6.27177095e-04 9.78675951e-04 1.15090614e-03 7.96279272e-04 6.12859714e-04 7.09016929e-04 8.29928091e-04 1.39838337e-03 
1.41700818e-03 7.99541035e-04 7.63391980e-04 7.26864414e-04 8.40462144e-04 1.19784695e-03 9.75627371e-04 6.90557521e-04 6.17789510e-04 8.21263157e-04 8.26036143e-04 6.17789510e-04 6.90557521e-04 9.75627371e-04 1.19784695e-03 8.40462144e-04 7.26864414e-04 7.63391980e-04 7.99541035e-04 1.41700818e-03 
1.38394104e-03 8.37583093e-04 8.28587421e-04 8.49790993e-04 9.55518213e-04 1.18462817e-03 9.58135934e-04 6.98204669e-04 7.04269932e-04 8.84127987e-04 8.88852296e-04 7.04269932e-04 6.98204669e-04 9.58135934e-04 1.18462817e-03 9.55518213e-04 8.49790993e-04 8.28587421e-04 8.37583093e-04 1.38394104e-03 
1.41672355e-03 8.85291974e-04 8.56053172e-04 8.79924656e-04 1.06802141e-03 1.18329116e-03 1.01903725e-03 7.15027657e-04 8.07922083e-04 9.58863568e-04 9.63508455e-04 8.07922083e-04 7.15027657e-04 1.01903725e-03 1.18329116e-03 1.06802141e-03 8.79924656e-04 8.56053172e-04 8.85291974e-04 1.41672355e-03 
1.50919834e-03 8.71408279e-04 8.38493216e-04 8.99178922e-04 1.12122977e-03 1.26372421e-03 1.07185057e-03 7.10810564e-04 8.71427317e-04 1.07344554e-03 1.07806159e-03 8.71427317e-04 7.10810564e-04 1.07185057e-03 1.26372421e-03 1.12122977e-03 8.99178922e-04 8.38493216e-04 8.71408279e-04 1.50919834e-03 
1.54152409e-03 8.96310265e-04 8.70378105e-04 9.57073545e-04 1.15409511e-03 1.30539440e-03 1.08501731e-03 7.66673847e-04 9.13392005e-04 1.15953870e-03 1.16409519e-03 9.13392005e-04 7.66673847e-04 1.08501731e-03 1.30539440e-03 1.15409511e-03 9.57073545e-04 8.70378105e-04 8.96310265e-04 1.54152409e-03 
1.56142023e-03 9.34973645e-04 9.30734780e-04 1.08023284e-03 1.17952521e-03 1.28079761e-03 1.03299967e-03 7.87417982e-04 8.74565168e-04 1.21917953e-03 1.22367779e-03 8.74565168e-04 7.87417982e-04 1.03299967e-03 1.28079761e-03 1.17952521e-03 1.08023284e-03 9.30734780e-04 9.34973645e-04 1.56142023e-03 
1.58775714e-03 1.00426341e-03 9.30392841e-04 1.12191864e-03 1.17435952e-03 1.23990092e-03 1.01088657e-03 8.36007350e-04 8.92407226e-04 1.26137198e-03 1.26582833e-03 8.92407226e-04 8.36007350e-04 1.01088657e-03 1.23990092e-03 1.17435952e-03 1.12191864e-03 9.30392841e-04 1.00426341e-03 1.58775714e-03 
1.61878804e-03 1.02978500e-03 9.78389265e-04 1.11004171e-03 1.18988670e-03 1.20070300e-03 9.93102056e-04 8.00496080e-04 9.12187596e-04 1.32630936e-03 1.33069882e-03 9.12187596e-04 8.00496080e-04 9.93102056e-04 1.20070300e-03 1.18988670e-03 1.11004171e-03 9.78389265e-04 1.02978500e-03 1.61878804e-03 
1.63817517e-03 1.05901684e-03 1.01722295e-03 1.14410413e-03 1.24940046e-03 1.18694305e-03 9.66407911e-04 7.73080161e-04 9.15365997e-04 1.39031061e-03 1.39466367e-03 9.15365997e-04 7.73080161e-04 9.66407911e-04 1.18694305e-03 1.24940046e-03 1.14410413e-03 1.01722295e-03 1.05901684e-03 1.63817517e-03 
1.67615851e-03 1.05477022e-03 9.94477380e-04 1.14672727e-03 1.31197519e-03 1.16340885e-03 9.05964722e-04 8.36381546e-04 9.69641986e-04 1.43053735e-03 1.43484088e-03 9.69641986e-04 8.36381546e-04 9.05964722e-04 1.16340885e-03 1.31197519e-03 1.14672727e-03 9.94477380e-04 1.05477022e-03 1.67615851e-03 
1.62405702e-03 1.05179913e-03 9.99429207e-04 1.25619081e-03 1.34898949e-03 1.12094225e-03 8.89315895e-04 9.56933961e-04 1.00855646e-03 1.48033509e-03 1.48462126e-03 1.00855646e-03 9.56933961e-04 8.89315895e-04 1.12094225e-03 1.34898949e-03 1.25619081e-03 9.99429207e-04 1.05179913e-03 1.62405702e-03 
1.55596815e-03 1.10803631e-03 1.01040761e-03 1.31944646e-03 1.31922175e-03 1.10374919e-03 9.39090983e-04 1.04515288e-03 1.10684525e-03 1.49616162e-03 1.50036151e-03 1.10684525e-03 1.04515288e-03 9.39090983e-04 1.10374919e-03 1.31922175e-03 1.31944646e-03 1.01040761e-03 1.10803631e-03 1.55596815e-03 
1.50382460e-03 1.10394824e-03 1.04992236e-03 1.31910526e-03 1.28852280e-03 1.01910513e-03 9.50454844e-04 1.09265720e-03 1.16943796e-03 1.50827752e-03 1.51244238e-03 1.16943796e-03 1.09265720e-03 9.50454844e-04 1.01910513e-03 1.28852280e-03 1.31910526e-03 1.04992236e-03 1.10394824e-03 1.50382460e-03 
1.39229691e-03 1.10707641e-03 1.05962496e-03 1.23166735e-03 1.20598463e-03 9.60798077e-04 8.92791628e-04 1.19687826e-03 1.24506303e-03 1.50254970e-03 1.50669383e-03 1.24506303e-03 1.19687826e-03 8.92791628e-04 9.60798077e-04 1.20598463e-03 1.23166735e-03 1.05962496e-03 1.10707641e-03 1.39229691e-03 
1.38058928e-03 1.13852752e-03 1.10246575e-03 1.23119463e-03 1.16803148e-03 9.93111761e-04 8.71189894e-04 1.26309072e-03 1.29959537e-03 1.47791268e-03 1.48201129e-03 1.29959537e-03 1.26309072e-03 8.71189894e-04 9.93111761e-04 1.16803148e-03 1.23119463e-03 1.10246575e-03 1.13852752e-03 1.38058928e-03 
1.38174827e-03 1.14286410e-03 1.10819068e-03 1.25354265e-03 1.17152683e-03 1.01204117e-03 8.68955917e-04 1.22493636e-03 1.29402513e-03 1.40244597e-03 1.40650376e-03 1.29402513e-03 1.22493636e-03 8.68955917e-04 1.01204117e-03 1.17152683e-03 1.25354265e-03 1.10819068e-03 1.14286410e-03 1.38174827e-03 
1.41927813e-03 1.15557873e-03 1.12771620e-03 1.20578881e-03 1.15322382e-03 9.74409999e-04 8.40516515e-04 1.22844491e-03 1.23870750e-03 1.37033551e-03 1.37435955e-03 1.23870750e-03 1.22844491e-03 8.40516515e-04 9.74409999e-04 1.15322382e-03 1.20578881e-03 1.12771620e-03 1.15557873e-03 1.41927813e-03 
1.35995796e-03 1.16615872e-03 1.12843613e-03 1.10975795e-03 1.09447984e-03 9.54426017e-04 8.90596822e-04 1.23038541e-03 1.16227868e-03 1.33856437e-03 1.34255113e-03 1.16227868e-03 1.23038541e-03 8.90596822e-04 9.54426017e-04 1.09447984e-03 1.10975795e-03 1.12843613e-03 1.16615872e-03 1.35995796e-03 
1.28973240e-03 1.15307545e-03 1.17560547e-03 1.06362013e-03 1.00488220e-03 9.87822809e-04 9.08516555e-04 1.19502937e-03 1.11642507e-03 1.30394198e-03 1.30788034e-03 1.11642507e-03 1.19502937e-03 9.08516555e-04 9.87822809e-04 1.00488220e-03 1.06362013e-03 1.17560547e-03 1.15307545e-03 1.28973240e-03 
1.20583220e-03 1.13281837e-03 1.16917853e-03 9.94209698e-04 9.10021509e-04 9.45647424e-04 8.67756419e-04 1.08763862e-03 1.09580095e-03 1.24269703e-03 1.24660066e-03 1.09580095e-03 1.08763862e-03 8.67756419e-04 9.45647424e-04 9.10021509e-04 9.94209698e-04 1.16917853e-03 1.13281837e-03 1.20583220e-03 
1.12115518e-03 1.10993264e-03 1.16034721e-03 9.33993219e-04 7.50634639e-04 8.66964967e-04 8.17313824e-04 1.05719978e-03 1.08991424e-03 1.24934361e-03 1.25321689e-03 1.08991424e-03 1.05719978e-03 8.17313824e-04 8.66964967e-04 7.50634639e-04 9.33993219e-04 1.16034721e-03 1.10993264e-03 1.12115518e-03 
1.06645953e-03 1.09169731e-03 1.13034134e-03 8.64862471e-04 6.49437919e-04 7.91801153e-04 7.88718678e-04 9.98191213e-04 1.06114345e-03 1.24721347e-03 1.25102896e-03 1.06114345e-03 9.98191213e-04 7.88718678e-04 7.91801153e-04 6.49437919e-04 8.64862471e-04 1.13034134e-03 1.09169731e-03 1.06645953e-03 
1.04723537e-03 1.01989103e-03 1.13496874e-03 8.39693211e-04 6.60754230e-04 8.05150621e-04 7.19004878e-04 9.87155837e-04 1.06050469e-03 1.20334286e-03 1.20712564e-03 1.06050469e-03 9.87155837e-04 7.19004878e-04 8.05150621e-04 6.60754230e-04 8.39693211e-04 1.13496874e-03 1.01989103e-03 1.04723537e-03 
1.06441975e-03 9.14548801e-04 1.14207173e-03 8.50100097e-04 6.51704453e-04 7.27576917e-04 6.75800988e-04 1.01884759e-03 1.05780744e-03 1.11999513e-03 1.12374910e-03 1.05780744e-03 1.01884759e-03 6.75800988e-04 7.27576917e-04 6.51704453e-04 8.50100097e-04 1.14207173e-03 9.14548801e-04 1.06441975e-03 
9.52440267e-04 8.53305198e-04 1.09382676e-03 8.18209101e-04 6.51552014e-04 6.84570034e-04 6.54288807e-04 1.02460455e-03 1.03932626e-03 1.02240172e-03 1.02612899e-03 1.03932626e-03 1.02460455e-03 6.54288807e-04 6.84570034e-04 6.51552014e-04 8.18209101e-04 1.09382676e-03 8.53305198e-04 9.52440267e-04 
8.09787150e-04 7.66405490e-04 9.80510754e-04 7.45327631e-04 6.38951286e-04 6.62987207e-04 6.17198069e-04 9.64022949e-04 9.72831995e-04 9.05511741e-04 9.09197712e-04 9.72831995e-04 9.64022949e-04 6.17198069e-04 6.62987207e-04 6.38951286e-04 7.45327631e-04 9.80510754e-04 7.66405490e-04 8.09787150e-04 
7.29999972e-04 7.32667064e-04 8.98736524e-04 6.57358762e-04 6.38766950e-04 5.98483691e-04 5.70923502e-04 8.78976228e-04 9.00837274e-04 8.15320043e-04 8.18956752e-04 9.00837274e-04 8.78976228e-04 5.70923502e-04 5.98483691e-04 6.38766950e-04 6.57358762e-04 8.98736524e-04 7.32667064e-04 7.29999972e-04 
6.73578109e-04 6.68634005e-04 7.97390963e-04 6.17108444e-04 5.72454285e-04 5.34044326e-04 5.73071549e-04 8.25280595e-04 8.39279191e-04 7.74080455e-04 7.77698518e-04 8.39279191e-04 8.25280595e-04 5.73071549e-04 5.34044326e-04 5.72454285e-04 6.17108444e-04 7.97390963e-04 6.68634005e-04 6.73578109e-04 
6.45865173e-04 5.89672497e-04 7.07709670e-04 5.83295104e-04 5.57838803e-04 5.27175453e-04 5.15979683e-04 7.75654828e-04 8.03118617e-04 7.45845154e-04 7.49451605e-04 8.03118617e-04 7.75654828e-04 5.15979683e-04 5.27175453e-04 5.57838803e-04 5.83295104e-04 7.07709670e-04 5.89672497e-04 6.45865173e-04 
5.98420765e-04 4.88066901e-04 6.29757948e-04 5.90224097e-04 5.77994499e-04 4.52642591e-04 4.38881152e-04 7.15003482e-04 7.61683878e-04 6.90867488e-04 6.94429492e-04 7.61683878e-04 7.15003482e-04 4.38881152e-04 4.52642591e-04 5.77994499e-04 5.90224097e-04 6.29757948e-04 4.88066901e-04 5.98420765e-04 
5.44515775e-04 4.09969483e-04 5.29757297e-04 5.35436436e-04 5.36167252e-04 3.19158157e-04 4.17933638e-04 6.34172358e-04 7.70446614e-04 6.88799601e-04 6.92325075e-04 7.70446614e-04 6.34172358e-04 4.17933638e-04 3.19158157e-04 5.36167252e-04 5.35436436e-04 5.29757297e-04 4.09969483e-04 5.44515775e-04 
4.54672536e-04 3.12136835e-04 4.88019672e-04 4.75024564e-04 4.87532367e-04 2.61221974e-04 3.96475477e-04 5.80192304e-04 7.78450084e-04 6.93118465e-04 6.96607990e-04 7.78450084e-04 5.80192304e-04 3.96475477e-04 2.61221974e-04 4.87532367e-04 4.75024564e-04 4.88019672e-04 3.12136835e-04 4.54672536e-04 
3.88254612e-04 2.91756170e-04 3.57446776e-04 3.82140240e-04 4.44602420e-04 2.19977572e-04 3.73172899e-04 5.35417005e-04 7.97295857e-04 6.80452792e-04 6.83925624e-04 7.97295857e-04 5.35417005e-04 3.73172899e-04 2.19977572e-04 4.44602420e-04 3.82140240e-04 3.57446776e-04 2.91756170e-04 3.88254612e-04 
3.06434364e-04 2.69364046e-04 2.69604218e-04 3.21631986e-04 3.75014796e-04 2.17650864e-04 3.56065580e-04 5.11983065e-04 7.91531840e-04 6.27710440e-04 6.31141043e-04 7.91531840e-04 5.11983065e-04 3.56065580e-04 2.17650864e-04 3.75014796e-04 3.21631986e-04 2.69604218e-04 2.69364046e-04 3.06434364e-04 
2.78901368e-04 2.21259444e-04 2.21824954e-04 3.19342569e-04 3.31531332e-04 2.19631557e-04 3.11258817e-04 4.71603642e-04 7.80254838e-04 6.29756114e-04 6.33172762e-04 7.80254838e-04 4.71603642e-04 3.11258817e-04 2.19631557e-04 3.31531332e-04 3.19342569e-04 2.21824954e-04 2.21259444e-04 2.78901368e-04 
2.91541905e-04 1.83890021e-04 1.98825361e-04 3.16556880e-04 2.77509218e-04 2.06044681e-04 2.86048462e-04 3.84961654e-04 7.33461219e-04 5.88509439e-04 5.91896851e-04 7.33461219e-04 3.84961654e-04 2.86048462e-04 2.06044681e-04 2.77509218e-04 3.16556880e-04 1.98825361e-04 1.83890021e-04 2.91541905e-04 
2.46509444e-04 1.53970858e-04 2.10042812e-04 2.74772095e-04 2.22034603e-04 1.55800303e-04 2.59125970e-04 3.51495167e-04 6.48282630e-04 5.09404318e-04 5.12746696e-04 6.48282630e-04 3.51495167e-04 2.59125970e-04 1.55800303e-04 2.22034603e-04 2.74772095e-04 2.10042812e-04 1.53970858e-04 2.46509444e-04 
1.70292237e-04 1.27318178e-04 2.07703621e-04 2.17591942e-04 2.14812273e-04 1.25767600e-04 2.48029641e-04 3.38896609e-04 5.52798158e-04 4.29210866e-04 4.32551584e-04 5.52798158e-04 3.38896609e-04 2.48029641e-04 1.25767600e-04 2.14812273e-04 2.17591942e-04 2.07703621e-04 1.27318178e-04 1.70292237e-04 
1.49372671e-04 7.81466451e-05 1.98729365e-04 1.94505642e-04 1.98566289e-04 9.30102773e-05 2.26634068e-04 2.87739517e-04 4.45212794e-04 4.19156859e-04 4.22450603e-04 4.45212794e-04 2.87739517e-04 2.26634068e-04 9.30102773e-05 1.98566289e-04 1.94505642e-04 1.98729365e-04 7.81466451e-05 1.49372671e-04 
1.10757486e-04 1.89942509e-05 1.77094443e-04 1.25801632e-04 2.10586946e-04 1.02463705e-04 1.69744998e-04 2.78601560e-04 3.44833198e-04 3.64008048e-04 3.67270738e-04 3.44833198e-04 2.78601560e-04 1.69744998e-04 1.02463705e-04 2.10586946e-04 1.25801632e-04 1.77094443e-04 1.89942509e-05 1.10757486e-04 
2.89060165e-05 -4.07910494e-05 1.11067289e-04 4.28899840e-05 2.02399168e-04 1.14889146e-04 1.21902251e-04 2.30930968e-04 2.62001044e-04 3.05823433e-04 3.09092808e-04 2.62001044e-04 2.30930968e-04 1.21902251e-04 1.14889146e-04 2.02399168e-04 4.28899840e-05 1.11067289e-04 -4.07910494e-05 2.89060165e-05 
-5.07957702e-05 -1.00482147e-04 1.01752260e-04 1.97176126e-05 1.70476187e-04 6.87981894e-05 6.22644274e-05 1.91469099e-04 2.01600298e-04 2.54201001e-04 2.57435399e-04 2.01600298e-04 1.91469099e-04 6.22644274e-05 6.87981894e-05 1.70476187e-04 1.97176126e-05 1.01752260e-04 -1.00482147e-04 -5.07957702e-05 
-9.91929372e-05 -9.84500187e-05 8.75879189e-05 2.01706683e-05 1.50323167e-04 3.58270320e-05 4.40414890e-05 1.51447201e-04 1.50720953e-04 2.29983293e-04 2.33180735e-04 1.50720953e-04 1.51447201e-04 4.40414890e-05 3.58270320e-05 1.50323167e-04 2.01706683e-05 8.75879189e-05 -9.84500187e-05 -9.91929372e-05 
-1.55913281e-04 -5.97846217e-05 1.12167828e-04 8.95876788e-06 1.32478636e-04 9.42536911e-06 1.18551684e-05 8.61023735e-05 1.09888789e-04 2.06719549e-04 2.09894275e-04 1.09888789e-04 8.61023735e-05 1.18551684e-05 9.42536911e-06 1.32478636e-04 8.95876788e-06 1.12167828e-04 -5.97846217e-05 -1.55913281e-04 
-2.32034676e-04 -4.87882827e-05 2.04653921e-04 -2.81455370e-05 7.83254394e-05 -3.62849265e-05 -4.44563547e-05 -2.07847966e-05 7.90858511e-05 1.34198226e-04 1.37352332e-04 7.90858511e-05 -2.07847966e-05 -4.44563547e-05 -3.62849265e-05 7.83254394e-05 -2.81455370e-05 2.04653921e-04 -4.87882827e-05 -2.32034676e-04 
-3.11967939e-04 -6.26480967e-05 2.47174618e-04 -5.14351387e-05 3.36726667e-05 -6.62976424e-05 -8.95950376e-05 -7.49759644e-05 4.54646694e-05 4.53529186e-05 4.84770490e-05 4.54646694e-05 -7.49759644e-05 -8.95950376e-05 -6.62976424e-05 3.36726667e-05 -5.14351387e-05 2.47174618e-04 -6.26480967e-05 -3.11967939e-04 
-3.50398273e-04 -1.29045310e-04 2.82935650e-04 -5.93534359e-05 -4.60916371e-06 -1.09877107e-04 -8.01855878e-05 -9.65281717e-05 5.04442484e-05 -1.07264636e-05 -7.62421051e-06 5.04442484e-05 -9.65281717e-05 -8.01855878e-05 -1.09877107e-04 -4.60916371e-06 -5.93534359e-05 2.82935650e-04 -1.29045310e-04 -3.50398273e-04 
-3.75088274e-04 -2.20734937e-04 2.75801084e-04 -7.50854059e-05 -5.34777139e-05 -1.79714915e-04 -5.03796429e-05 -1.53122011e-04 1.98009638e-05 -6.89815752e-05 -6.58967429e-05 1.98009638e-05 -1.53122011e-04 -5.03796429e-05 -1.79714915e-04 -5.34777139e-05 -7.50854059e-05 2.75801084e-04 -2.20734937e-04 -3.75088274e-04 
-4.11040044e-04 -2.77507841e-04 2.33953079e-04 -1.07871098e-04 -9.35113695e-05 -2.69151130e-04 -5.46994438e-05 -1.81332009e-04 -1.66971615e-05 -1.23211961e-04 -1.20162421e-04 -1.66971615e-05 -1.81332009e-04 -5.46994438e-05 -2.69151130e-04 -9.35113695e-05 -1.07871098e-04 2.33953079e-04 -2.77507841e-04 -4.11040044e-04 
-3.93163054e-04 -2.43616446e-04 1.80163339e-04 -1.35578023e-04 -1.96294862e-04 -3.18260406e-04 -5.36068988e-05 -1.45249762e-04 -8.43904391e-05 -1.61610702e-04 -1.58595265e-04 -8.43904391e-05 -1.45249762e-04 -5.36068988e-05 -3.18260406e-04 -1.96294862e-04 -1.35578023e-04 1.80163339e-04 -2.43616446e-04 -3.93163054e-04 
-3.63093330e-04 -2.02640071e-04 1.37158259e-04 -2.02726319e-04 -1.91245324e-04 -3.33644102e-04 -8.58506177e-05 -1.37127185e-04 -1.11729021e-04 -1.38311625e-04 -1.35306934e-04 -1.11729021e-04 -1.37127185e-04 -8.58506177e-05 -3.33644102e-04 -1.91245324e-04 -2.02726319e-04 1.37158259e-04 -2.02640071e-04 -3.63093330e-04 
-3.27829901e-04 -1.95843614e-04 1.17623296e-04 -2.95436006e-04 -2.19158977e-04 -2.88937691e-04 -1.33930186e-04 -1.24346170e-04 -1.21305825e-04 -1.21379801e-04 -1.18397800e-04 -1.21305825e-04 -1.24346170e-04 -1.33930186e-04 -2.88937691e-04 -2.19158977e-04 -2.95436006e-04 1.17623296e-04 -1.95843614e-04 -3.27829901e-04 
-3.07325283e-04 -2.03873464e-04 5.44892589e-05 -3.29090644e-04 -2.65264124e-04 -2.70365680e-04 -1.45714959e-04 -1.40599154e-04 -1.05376305e-04 -9.60440986e-05 -9.30777611e-05 -1.05376305e-04 -1.40599154e-04 -1.45714959e-04 -2.70365680e-04 -2.65264124e-04 -3.29090644e-04 5.44892589e-05 -2.03873464e-04 -3.07325283e-04 
-2.89349514e-04 -1.82807840e-04 7.74790589e-06 -3.91246930e-04 -2.48194622e-04 -2.67661933e-04 -1.67432776e-04 -1.57340888e-04 -9.29727494e-05 -8.22654178e-05 -7.93264501e-05 -9.29727494e-05 -1.57340888e-04 -1.67432776e-04 -2.67661933e-04 -2.48194622e-04 -3.91246930e-04 7.74790589e-06 -1.82807840e-04 -2.89349514e-04 
-2.92456318e-04 -1.73711018e-04 -7.63956884e-05 -3.98455459e-04 -2.17906443e-04 -2.66217394e-04 -1.97500564e-04 -1.65094953e-04 -1.38245930e-04 -7.51348526e-05 -7.22166811e-05 -1.38245930e-04 -1.65094953e-04 -1.97500564e-04 -2.66217394e-04 -2.17906443e-04 -3.98455459e-04 -7.63956884e-05 -1.73711018e-04 -2.92456318e-04 
-2.30674946e-04 -1.49134377e-04 -1.44900788e-04 -4.11258624e-04 -1.77468792e-04 -2.62144801e-04 -1.98523379e-04 -1.07132779e-04 -1.36704800e-04 -1.05804133e-04 -1.02913854e-04 -1.36704800e-04 -1.07132779e-04 -1.98523379e-04 -2.62144801e-04 -1.77468792e-04 -4.11258624e-04 -1.44900788e-04 -1.49134377e-04 -2.30674946e-04 
-1.60876588e-04 -1.37464844e-04 -1.71453284e-04 -4.36662847e-04 -1.25847705e-04 -2.55668433e-04 -2.33908960e-04 -5.92878145e-05 -1.36927109e-04 -1.09908814e-04 -1.07035024e-04 -1.36927109e-04 -5.92878145e-05 -2.33908960e-04 -2.55668433e-04 -1.25847705e-04 -4.36662847e-04 -1.71453284e-04 -1.37464844e-04 -1.60876588e-04 
-8.09723724e-05 -8.37890496e-05 -1.94187250e-04 -4.85603638e-04 -1.24228220e-04 -2.03250243e-04 -2.85446552e-04 -1.66890157e-05 -1.95965409e-04 -6.36868767e-05 -6.08330683e-05 -1.95965409e-04 -1.66890157e-05 -2.85446552e-04 -2.03250243e-04 -1.24228220e-04 -4.85603638e-04 -1.94187250e-04 -8.37890496e-05 -8.09723724e-05 
-2.95019363e-05 -2.98150499e-05 -2.29614469e-04 -4.62313941e-04 -1.84410630e-04 -1.57943112e-04 -3.30014561e-04 8.58151110e-06 -2.43425656e-04 -1.87043169e-05 -1.58675702e-05 -2.43425656e-04 8.58151110e-06 -3.30014561e-04 -1.57943112e-04 -1.84410630e-04 -4.62313941e-04 -2.29614469e-04 -2.98150499e-05 -2.95019363e-05 
-8.81526511e-06 -2.22458242e-05 -2.42354505e-04 -4.31850708e-04 -1.84061025e-04 -1.18228864e-04 -3.21796838e-04 2.29960321e-05 -2.69632672e-04 3.31262571e-05 3.59495703e-05 -2.69632672e-04 2.29960321e-05 -3.21796838e-04 -1.18228864e-04 -1.84061025e-04 -4.31850708e-04 -2.42354505e-04 -2.22458242e-05 -8.81526511e-06 
1.42518263e-05 -1.76764877e-05 -2.36918626e-04 -4.01866281e-04 -1.60016280e-04 -7.44692123e-05 -2.98536820e-04 -2.40110987e-06 -2.76883581e-04 1.16401522e-04 1.19201075e-04 -2.76883581e-04 -2.40110987e-06 -2.98536820e-04 -7.44692123e-05 -1.60016280e-04 -4.01866281e-04 -2.36918626e-04 -1.76764877e-05 1.42518263e-05 
4.43727831e-05 -5.55542466e-05 -1.86050758e-04 -3.94470063e-04 -1.50086791e-04 1.38288492e-05 -2.50771334e-04 1.84751344e-06 -2.37233066e-04 1.16776901e-04 1.19547049e-04 -2.37233066e-04 1.84751344e-06 -2.50771334e-04 1.38288492e-05 -1.50086791e-04 -3.94470063e-04 -1.86050758e-04 -5.55542466e-05 4.43727831e-05 
4.81359572e-05 -1.11525550e-04 -1.76500163e-04 -3.81435641e-04 -1.69336479e-04 4.45535680e-05 -2.23770471e-04 -2.89663116e-06 -2.19385080e-04 9.91710190e-05 1.01931194e-04 -2.19385080e-04 -2.89663116e-06 -2.23770471e-04 4.45535680e-05 -1.69336479e-04 -3.81435641e-04 -1.76500163e-04 -1.11525550e-04 4.81359572e-05 
1.33805563e-05 -1.19442249e-04 -1.62535045e-04 -3.53423215e-04 -1.60448841e-04 5.04618254e-05 -2.25084672e-04 -1.14942662e-05 -1.83938404e-04 1.24680898e-04 1.27435290e-04 -1.83938404e-04 -1.14942662e-05 -2.25084672e-04 5.04618254e-05 -1.60448841e-04 -3.53423215e-04 -1.62535045e-04 -1.19442249e-04 1.33805563e-05 
-4.26534445e-05 -1.13047152e-04 -1.25148965e-04 -3.35112310e-04 -1.50589977e-04 2.46475023e-05 -2.05106743e-04 3.51269859e-05 -1.53913796e-04 1.05299622e-04 1.08024367e-04 -1.53913796e-04 3.51269859e-05 -2.05106743e-04 2.46475023e-05 -1.50589977e-04 -3.35112310e-04 -1.25148965e-04 -1.13047152e-04 -4.26534445e-05 
-8.08541289e-05 -1.20716042e-04 -9.12159516e-05 -2.96761696e-04 -2.10462679e-04 -1.20572889e-05 -1.85684181e-04 2.06861526e-05 -1.53886848e-04 6.97167192e-05 7.24142629e-05 -1.53886848e-04 2.06861526e-05 -1.85684181e-04 -1.20572889e-05 -2.10462679e-04 -2.96761696e-04 -9.12159516e-05 -1.20716042e-04 -8.08541289e-05 
-8.12130962e-05 -1.08697610e-04 -6.19583732e-05 -2.53029631e-04 -2.53496652e-04 -1.75897953e-05 -1.63938864e-04 -1.70085616e-06 -1.50032343e-04 1.81583493e-05 2.08517956e-05 -1.50032343e-04 -1.70085616e-06 -1.63938864e-04 -1.75897953e-05 -2.53496652e-04 -2.53029631e-04 -6.19583732e-05 -1.08697610e-04 -8.12130962e-05 
-1.00934430e-04 -8.70638510e-05 -2.18203734e-05 -2.16631560e-04 -2.45571469e-04 -3.81220050e-05 -1.23257785e-04 -2.11578349e-05 -1.59360595e-04 3.41617272e-05 3.68343502e-05 -1.59360595e-04 -2.11578349e-05 -1.23257785e-04 -3.81220050e-05 -2.45571469e-04 -2.16631560e-04 -2.18203734e-05 -8.70638510e-05 -1.00934430e-04 
-6.74985805e-05 -6.38309496e-05 4.11076777e-05 -2.05881432e-04 -2.48448466e-04 -3.69008363e-05 -1.13973068e-04 -6.12889811e-05 -1.44131697e-04 1.52136441e-05 1.78654122e-05 -1.44131697e-04 -6.12889811e-05 -1.13973068e-04 -3.69008363e-05 -2.48448466e-04 -2.05881432e-04 4.11076777e-05 -6.38309496e-05 -6.74985805e-05 
-4.34993695e-05 -8.95285923e-06 9.93461899e-05 -1.76464165e-04 -2.64736256e-04 -4.12432112e-05 -1.21050937e-04 -7.32092566e-05 -1.16300357e-04 -1.55220258e-05 -1.28768924e-05 -1.16300357e-04 -7.32092566e-05 -1.21050937e-04 -4.12432112e-05 -2.64736256e-04 -1.76464165e-04 9.93461899e-05 -8.95285923e-06 -4.34993695e-05 
-4.06307926e-05 -3.54365216e-05 1.16943121e-04 -1.61723082e-04 -2.37073289e-04 -2.92608371e-05 -1.29738557e-04 -1.10292556e-04 -1.13588483e-04 -7.21240545e-05 -6.94985285e-05 -1.13588483e-04 -1.10292556e-04 -1.29738557e-04 -2.92608371e-05 -2.37073289e-04 -1.61723082e-04 1.16943121e-04 -3.54365216e-05 -4.06307926e-05 
-3.72928543e-05 -7.54694552e-05 4.27812341e-05 -1.23163775e-04 -2.13550286e-04 -2.93849493e-05 -1.60172281e-04 -1.38762984e-04 -9.15445368e-05 -5.66826996e-05 -5.40795679e-05 -9.15445368e-05 -1.38762984e-04 -1.60172281e-04 -2.93849493e-05 -2.13550286e-04 -1.23163775e-04 4.27812341e-05 -7.54694552e-05 -3.72928543e-05 
-2.51270828e-05 -1.12336847e-04 -2.61961316e-05 -1.26851539e-04 -1.91434616e-04 -4.48570016e-05 -1.91690246e-04 -1.44567425e-04 -7.88491507e-05 -5.58560903e-05 -5.32579965e-05 -7.88491507e-05 -1.44567425e-04 -1.91690246e-04 -4.48570016e-05 -1.91434616e-04 -1.26851539e-04 -2.61961316e-05 -1.12336847e-04 -2.51270828e-05 
-5.60454867e-05 -1.34292568e-04 -3.60599679e-05 -1.24840222e-04 -2.05686021e-04 -8.01036053e-05 -1.93151599e-04 -1.61239103e-04 -5.15855548e-05 -3.04298461e-05 -2.78592968e-05 -5.15855548e-05 -1.61239103e-04 -1.93151599e-04 -8.01036053e-05 -2.05686021e-04 -1.24840222e-04 -3.60599679e-05 -1.34292568e-04 -5.60454867e-05 
-8.83973000e-05 -1.12181429e-04 -8.00770866e-07 -1.22292453e-04 -1.90583788e-04 -1.29770366e-04 -1.80307480e-04 -1.75938115e-04 -5.33785098e-05 -1.76142149e-05 -1.50706493e-05 -5.33785098e-05 -1.75938115e-04 -1.80307480e-04 -1.29770366e-04 -1.90583788e-04 -1.22292453e-04 -8.00770866e-07 -1.12181429e-04 -8.83973000e-05 
-8.41906308e-05 -9.65808465e-05 2.35158818e-06 -9.83973806e-05 -1.70531717e-04 -1.47468629e-04 -1.91632514e-04 -1.71071768e-04 -8.62680261e-05 -3.28591519e-05 -3.03209081e-05 -8.62680261e-05 -1.71071768e-04 -1.91632514e-04 -1.47468629e-04 -1.70531717e-04 -9.83973806e-05 2.35158818e-06 -9.65808465e-05 -8.41906308e-05 
-6.24655626e-05 -8.31258277e-05 1.24776076e-05 -1.42381727e-04 -1.06920076e-04 -1.54440862e-04 -1.42491632e-04 -1.71555870e-04 -9.26148559e-05 -8.18833356e-05 -7.93772108e-05 -9.26148559e-05 -1.71555870e-04 -1.42491632e-04 -1.54440862e-04 -1.06920076e-04 -1.42381727e-04 1.24776076e-05 -8.31258277e-05 -6.24655626e-05 
-3.95707904e-05 -3.56761668e-05 5.61808919e-05 -1.67739049e-04 -6.51861277e-05 -1.33981686e-04 -8.44430117e-05 -1.72978388e-04 -1.06161344e-04 -1.34954908e-04 -1.32448560e-04 -1.06161344e-04 -1.72978388e-04 -8.44430117e-05 -1.33981686e-04 -6.51861277e-05 -1.67739049e-04 5.61808919e-05 -3.56761668e-05 -3.95707904e-05 
-8.18866179e-06 -6.65940817e-06 8.02160734e-05 -1.73488529e-04 -8.19855789e-05 -1.06711695e-04 -5.34041797e-05 -1.74500509e-04 -1.12203397e-04 -1.43520510e-04 -1.41021130e-04 -1.12203397e-04 -1.74500509e-04 -5.34041797e-05 -1.06711695e-04 -8.19855789e-05 -1.73488529e-04 8.02160734e-05 -6.65940817e-06 -8.18866179e-06 
1.37852179e-05 -1.17467591e-05 4.89996274e-05 -1.60276375e-04 -8.24700632e-05 -3.78487674e-05 -7.41288123e-05 -1.59360941e-04 -1.37573746e-04 -1.26909622e-04 -1.24435482e-04 -1.37573746e-04 -1.59360941e-04 -7.41288123e-05 -3.78487674e-05 -8.24700632e-05 -1.60276375e-04 4.89996274e-05 -1.17467591e-05 1.37852179e-05 
1.91033339e-05 -2.78143462e-05 3.83742872e-05 -1.62858630e-04 -9.67037735e-05 -3.93151092e-07 -6.75995203e-05 -1.38111162e-04 -1.44224643e-04 -1.04831967e-04 -1.02382463e-04 -1.44224643e-04 -1.38111162e-04 -6.75995203e-05 -3.93151092e-07 -9.67037735e-05 -1.62858630e-04 3.83742872e-05 -2.78143462e-05 1.91033339e-05 
1.55342746e-05 2.27366927e-06 2.87968444e-05 -1.41250937e-04 -6.49155118e-05 -8.41162361e-08 -8.65789275e-05 -9.65229842e-05 -1.47674300e-04 -8.62266360e-05 -8.37757028e-05 -1.47674300e-04 -9.65229842e-05 -8.65789275e-05 -8.41162361e-08 -6.49155118e-05 -1.41250937e-04 2.87968444e-05 2.27366927e-06 1.55342746e-05 
3.63308192e-05 2.50523019e-05 -4.40313885e-06 -1.27671472e-04 -5.43493044e-05 6.00639374e-06 -1.31117302e-04 -1.80365608e-05 -1.22207363e-04 -9.61249095e-05 -9.36856379e-05 -1.22207363e-04 -1.80365608e-05 -1.31117302e-04 6.00639374e-06 -5.43493044e-05 -1.27671472e-04 -4.40313885e-06 2.50523019e-05 3.63308192e-05 
7.83908876e-05 -4.24170995e-06 7.06290251e-06 -1.09223477e-04 1.99116509e-06 -1.10012103e-05 -1.58783041e-04 -2.10364840e-05 -1.43003647e-04 -1.08145559e-04 -1.05724947e-04 -1.43003647e-04 -2.10364840e-05 -1.58783041e-04 -1.10012103e-05 1.99116509e-06 -1.09223477e-04 7.06290251e-06 -4.24170995e-06 7.83908876e-05 
1.43687762e-04 -1.45779143e-05 -5.81826544e-06 -1.32854518e-04 3.06551886e-05 9.38364718e-06 -1.38725839e-04 -3.74187559e-05 -1.72333175e-04 -1.02194374e-04 -9.97885418e-05 -1.72333175e-04 -3.74187559e-05 -1.38725839e-04 9.38364718e-06 3.06551886e-05 -1.32854518e-04 -5.81826544e-06 -1.45779143e-05 1.43687762e-04 
2.02947202e-04 -1.22593607e-05 1.76540611e-06 -1.50691415e-04 5.27271381e-05 4.35621672e-06 -1.02209910e-04 -5.85922405e-05 -1.47833974e-04 -7.95676033e-05 -7.71779446e-05 -1.47833974e-04 -5.85922405e-05 -1.02209910e-04 4.35621672e-06 5.27271381e-05 -1.50691415e-04 1.76540611e-06 -1.22593607e-05 2.02947202e-04 
2.10442845e-04 -1.55709784e-05 3.36101592e-05 -1.45953645e-04 5.63097511e-05 1.79754972e-05 -5.03676148e-05 -1.05072521e-04 -1.31927545e-04 -7.37701167e-05 -7.13869513e-05 -1.31927545e-04 -1.05072521e-04 -5.03676148e-05 1.79754972e-05 5.63097511e-05 -1.45953645e-04 3.36101592e-05 -1.55709784e-05 2.10442845e-04 
1.77144244e-04 1.08838559e-05 4.94876921e-05 -1.78938883e-04 4.89087590e-05 1.99036226e-05 -5.48467626e-05 -1.32215027e-04 -1.26497542e-04 -7.14716777e-05 -6.91062803e-05 -1.26497542e-04 -1.32215027e-04 -5.48467626e-05 1.99036226e-05 4.89087590e-05 -1.78938883e-04 4.94876921e-05 1.08838559e-05 1.77144244e-04 
1.35468888e-04 2.70001337e-05 5.25518085e-05 -2.40349818e-04 7.54675530e-05 4.50908362e-05 -5.78860320e-05 -1.16242250e-04 -1.08490438e-04 -9.19475463e-05 -8.95990315e-05 -1.08490438e-04 -1.16242250e-04 -5.78860320e-05 4.50908362e-05 7.54675530e-05 -2.40349818e-04 5.25518085e-05 2.70001337e-05 1.35468888e-04 
1.03984257e-04 4.28404726e-05 -5.48020671e-07 -2.63552827e-04 6.63180761e-05 3.35511381e-05 -4.60528195e-05 -1.40439096e-04 -1.02511359e-04 -7.67048092e-05 -7.43695292e-05 -1.02511359e-04 -1.40439096e-04 -4.60528195e-05 3.35511381e-05 6.63180761e-05 -2.63552827e-04 -5.48020671e-07 4.28404726e-05 1.03984257e-04 
7.07267674e-05 7.05075607e-05 4.87964153e-06 -2.69016781e-04 8.94129028e-05 -3.41024626e-06 -2.95366751e-05 -1.52997804e-04 -1.03710899e-04 -6.66959541e-05 -6.43681931e-05 -1.03710899e-04 -1.52997804e-04 -2.95366751e-05 -3.41024626e-06 8.94129028e-05 -2.69016781e-04 4.87964153e-06 7.05075607e-05 7.07267674e-05 
3.81505034e-05 1.00524344e-04 -2.44093885e-06 -3.12523260e-04 1.14086592e-04 -9.81229190e-06 9.36446835e-06 -1.54380248e-04 -1.12664975e-04 -5.51103186e-05 -5.27987246e-05 -1.12664975e-04 -1.54380248e-04 9.36446835e-06 -9.81229190e-06 1.14086592e-04 -3.12523260e-04 -2.44093885e-06 1.00524344e-04 3.81505034e-05 
1.34916537e-05 1.32669490e-04 -2.81717323e-05 -3.78893165e-04 1.36371959e-04 3.05215969e-06 2.76452990e-05 -1.61219424e-04 -1.12878024e-04 -5.03171814e-05 -4.80172999e-05 -1.12878024e-04 -1.61219424e-04 2.76452990e-05 3.05215969e-06 1.36371959e-04 -3.78893165e-04 -2.81717323e-05 1.32669490e-04 1.34916537e-05 
4.98084333e-06 1.52682788e-04 -3.47024733e-05 -4.28527067e-04 1.32663520e-04 2.91544080e-05 3.97797922e-06 -1.58450521e-04 -1.14364503e-04 -5.92006083e-05 -5.69241547e-05 -1.14364503e-04 -1.58450521e-04 3.97797922e-06 2.91544080e-05 1.32663520e-04 -4.28527067e-04 -3.47024733e-05 1.52682788e-04 4.98084333e-06 
-8.05928232e-06 1.64403916e-04 -1.66613299e-05 -4.30049199e-04 1.17885464e-04 1.73114551e-05 -1.88366115e-05 -1.55710881e-04 -1.21614967e-04 -5.65522181e-05 -5.42808863e-05 -1.21614967e-04 -1.55710881e-04 -1.88366115e-05 1.73114551e-05 1.17885464e-04 -4.30049199e-04 -1.66613299e-05 1.64403916e-04 -8.05928232e-06 
-3.73799300e-05 1.79735217e-04 3.37064351e-06 -4.00595721e-04 9.63532752e-05 2.53563571e-05 -1.34709612e-05 -1.61878024e-04 -1.26736609e-04 -5.14316136e-05 -4.91731809e-05 -1.26736609e-04 -1.61878024e-04 -1.34709612e-05 2.53563571e-05 9.63532752e-05 -4.00595721e-04 3.37064351e-06 1.79735217e-04 -3.73799300e-05 
-5.49978107e-05 2.09373445e-04 -2.74229527e-05 -3.56733642e-04 9.89395115e-05 2.94208062e-05 -3.12250932e-05 -1.28639981e-04 -1.32134539e-04 -6.26725726e-05 -6.04246990e-05 -1.32134539e-04 -1.28639981e-04 -3.12250932e-05 2.94208062e-05 9.89395115e-05 -3.56733642e-04 -2.74229527e-05 2.09373445e-04 -5.49978107e-05 
-7.21183557e-05 1.93513620e-04 -3.81356767e-05 -2.96043307e-04 1.19170727e-04 6.66484011e-05 -4.35862659e-05 -8.08408225e-05 -1.10477159e-04 -6.66100612e-05 -6.43788026e-05 -1.10477159e-04 -8.08408225e-05 -4.35862659e-05 6.66484011e-05 1.19170727e-04 -2.96043307e-04 -3.81356767e-05 1.93513620e-04 -7.21183557e-05 
-4.33630880e-05 1.55221423e-04 -4.79014271e-05 -2.40872611e-04 1.43378654e-04 1.10958430e-04 -6.11345725e-05 -7.29249132e-05 -7.49187882e-05 -6.70175118e-05 -6.47979619e-05 -7.49187882e-05 -7.29249132e-05 -6.11345725e-05 1.10958430e-04 1.43378654e-04 -2.40872611e-04 -4.79014271e-05 1.55221423e-04 -4.33630880e-05 
-1.14025127e-05 1.68627854e-04 -6.91491628e-05 -2.32247351e-04 1.52567070e-04 9.37737997e-05 -6.73505782e-05 -7.40260296e-05 -8.98221152e-05 -5.43484361e-05 -5.21403205e-05 -8.98221152e-05 -7.40260296e-05 -6.73505782e-05 9.37737997e-05 1.52567070e-04 -2.32247351e-04 -6.91491628e-05 1.68627854e-04 -1.14025127e-05 
-1.25778127e-05 2.10196291e-04 -9.75709798e-05 -2.36353129e-04 1.51696096e-04 8.08718417e-05 -6.52362865e-05 -7.06200504e-05 -7.90560295e-05 -5.60616856e-05 -5.38768607e-05 -7.90560295e-05 -7.06200504e-05 -6.52362865e-05 8.08718417e-05 1.51696096e-04 -2.36353129e-04 -9.75709798e-05 2.10196291e-04 -1.25778127e-05 
1.36914714e-06 1.94040654e-04 -9.99049779e-05 -2.05370853e-04 1.52039847e-04 9.25842068e-05 -4.64070448e-05 -8.51937820e-05 -1.04298929e-04 -7.30945734e-05 -7.09018291e-05 -1.04298929e-04 -8.51937820e-05 -4.64070448e-05 9.25842068e-05 1.52039847e-04 -2.05370853e-04 -9.99049779e-05 1.94040654e-04 1.36914714e-06 
6.14875237e-06 1.76703378e-04 -8.13575104e-05 -1.68623139e-04 1.43156676e-04 9.84936745e-05 -2.38400739e-05 -1.04973811e-04 -1.29061519e-04 -9.91412934e-05 -9.69667954e-05 -1.29061519e-04 -1.04973811e-04 -2.38400739e-05 9.84936745e-05 1.43156676e-04 -1.68623139e-04 -8.13575104e-05 1.76703378e-04 6.14875237e-06 
2.02131851e-05 1.52189219e-04 -7.27164966e-05 -1.48656769e-04 1.30200170e-04 7.65535683e-05 5.99219302e-06 -1.27921129e-04 -1.48811281e-04 -1.14159969e-04 -1.12004586e-04 -1.48811281e-04 -1.27921129e-04 5.99219302e-06 7.65535683e-05 1.30200170e-04 -1.48656769e-04 -7.27164966e-05 1.52189219e-04 2.02131851e-05 
7.32456435e-07 1.44944580e-04 -7.37696491e-05 -1.19424886e-04 1.41340172e-04 3.99152661e-05 1.33004299e-05 -1.08056060e-04 -1.49664852e-04 -1.18722962e-04 -1.16575146e-04 -1.49664852e-04 -1.08056060e-04 1.33004299e-05 3.99152661e-05 1.41340172e-04 -1.19424886e-04 -7.37696491e-05 1.44944580e-04 7.32456435e-07 
-2.33183110e-05 1.38910059e-04 -8.75826470e-05 -1.03617351e-04 1.36655311e-04 4.99093664e-05 2.99823726e-05 -7.40426339e-05 -1.32634103e-04 -1.20813074e-04 -1.18679646e-04 -1.32634103e-04 -7.40426339e-05 2.99823726e-05 4.99093664e-05 1.36655311e-04 -1.03617351e-04 -8.75826470e-05 1.38910059e-04 -2.33183110e-05 
-6.70426818e-05 1.06922513e-04 -5.61177709e-05 -7.36453302e-05 1.35351886e-04 6.62491376e-05 3.53799072e-05 -6.28960053e-05 -7.98210131e-05 -1.30704310e-04 -1.28585796e-04 -7.98210131e-05 -6.28960053e-05 3.53799072e-05 6.62491376e-05 1.35351886e-04 -7.36453302e-05 -5.61177709e-05 1.06922513e-04 -6.70426818e-05 
-9.73112732e-05 5.07479819e-05 -9.75970597e-06 -5.03791689e-05 1.40915008e-04 1.11277565e-04 2.70685182e-05 -7.98329558e-05 -7.41901865e-05 -1.11552163e-04 -1.09432814e-04 -7.41901865e-05 -7.98329558e-05 2.70685182e-05 1.11277565e-04 1.40915008e-04 -5.03791689e-05 -9.75970597e-06 5.07479819e-05 -9.73112732e-05 
-1.24765867e-04 2.11343620e-05 4.21383931e-05 -4.33624144e-05 1.73335805e-04 1.19287086e-04 2.87877937e-05 -1.16416132e-04 -6.17602319e-05 -6.97685267e-05 -6.76630875e-05 -6.17602319e-05 -1.16416132e-04 2.87877937e-05 1.19287086e-04 1.73335805e-04 -4.33624144e-05 4.21383931e-05 2.11343620e-05 -1.24765867e-04 
-1.23806176e-04 3.54112877e-05 6.76795134e-05 -5.81664237e-05 1.98745663e-04 1.46456833e-04 9.78637734e-06 -1.43397585e-04 -7.21762251e-05 -5.89535436e-05 -5.68631604e-05 -7.21762251e-05 -1.43397585e-04 9.78637734e-06 1.46456833e-04 1.98745663e-04 -5.81664237e-05 6.76795134e-05 3.54112877e-05 -1.23806176e-04 
-9.55290354e-05 4.23086539e-05 6.91891505e-05 -3.97350988e-05 1.96056831e-04 1.42005461e-04 -2.21888381e-05 -1.79891694e-04 -6.12993136e-05 -8.08134951e-05 -7.87408799e-05 -6.12993136e-05 -1.79891694e-04 -2.21888381e-05 1.42005461e-04 1.96056831e-04 -3.97350988e-05 6.91891505e-05 4.23086539e-05 -9.55290354e-05 
-9.44176447e-05 1.26443434e-05 8.90260042e-05 3.71783841e-06 1.83781187e-04 9.27601280e-05 -1.96312944e-05 -2.06521944e-04 -4.75133502e-05 -7.30010276e-05 -7.09372725e-05 -4.75133502e-05 -2.06521944e-04 -1.96312944e-05 9.27601280e-05 1.83781187e-04 3.71783841e-06 8.90260042e-05 1.26443434e-05 -9.44176447e-05 
-9.97769976e-05 -3.55572816e-06 8.08589754e-05 5.16980106e-05 1.49355241e-04 7.35390844e-05 -3.69032014e-05 -2.16250193e-04 -4.76618604e-05 -5.22939856e-05 -5.02304663e-05 -4.76618604e-05 -2.16250193e-04 -3.69032014e-05 7.35390844e-05 1.49355241e-04 5.16980106e-05 8.08589754e-05 -3.55572816e-06 -9.97769976e-05 
-1.06130438e-04 -2.17415390e-05 7.92742496e-05 9.12182672e-05 1.09551142e-04 6.04363751e-05 -6.63667467e-05 -2.56471213e-04 -6.05362870e-05 -3.88586528e-05 -3.68079250e-05 -6.05362870e-05 -2.56471213e-04 -6.63667467e-05 6.04363751e-05 1.09551142e-04 9.12182672e-05 7.92742496e-05 -2.17415390e-05 -1.06130438e-04 
-8.76669804e-05 -4.12960833e-05 4.25529593e-05 9.62676129e-05 7.00105361e-05 2.89716102e-05 -1.16766703e-04 -2.60017517e-04 -4.84590397e-05 -3.30612438e-05 -3.10139763e-05 -4.84590397e-05 -2.60017517e-04 -1.16766703e-04 2.89716102e-05 7.00105361e-05 9.62676129e-05 4.25529593e-05 -4.12960833e-05 -8.76669804e-05 
